0.06152585,0.6737359,-0.1224751
0.06154734,0.6736,-0.1225505
0.06130143,0.6735042,-0.1226944
0.06079046,0.6733974,-0.1226223
0.06007405,0.6734144,-0.1224919
0.05920123,0.6735328,-0.1222106
0.05856165,0.6740146,-0.122066
0.05836198,0.6744915,-0.1221408
0.05848813,0.6748045,-0.1223272
0.05863182,0.6749662,-0.1224969
0.05880995,0.6749135,-0.1224838
0.05896549,0.6746773,-0.1223797
0.05902262,0.6743792,-0.122269
0.05901261,0.6741729,-0.1221743
0.05882952,0.6737679,-0.1219371
0.05867939,0.673467,-0.1217661
0.05853523,0.673066,-0.1215793
0.05842979,0.6726647,-0.1216345
0.05812752,0.6723743,-0.1217005
0.05777839,0.6722615,-0.121984
0.05754858,0.6722901,-0.1220553
0.05738679,0.6723351,-0.1218977
0.05748032,0.6723357,-0.121703
0.05757597,0.6724165,-0.1211671
0.05792369,0.6726418,-0.1210775
0.05882213,0.6733604,-0.120922
0.05965625,0.6739164,-0.1206316
0.06044656,0.6743086,-0.1204773
0.06090957,0.674557,-0.1204251
0.06125219,0.6746997,-0.1204327
0.06142588,0.6747692,-0.1204442
0.06140998,0.6749839,-0.1204726
0.06130861,0.6752184,-0.1206237
0.06129783,0.6754399,-0.1206783
0.06145255,0.6755338,-0.1204166
0.06176551,0.6758997,-0.1201717
0.06213143,0.6758927,-0.1201239
0.06248647,0.6758559,-0.1199499
0.06292309,0.6753712,-0.1198325
0.06296621,0.6748585,-0.1194245
0.06258109,0.674417,-0.1189353
0.06233075,0.6743253,-0.1185935
0.06222852,0.6743584,-0.1182932
0.06214102,0.674856,-0.1178315
0.06208955,0.6755193,-0.117018
0.06198248,0.6761809,-0.1163265
0.06181821,0.6764465,-0.1160955
0.06160748,0.6762503,-0.115615
0.06134902,0.6763298,-0.1152553
0.06097667,0.6756522,-0.1144711
0.06050079,0.6752766,-0.1140808
0.06015885,0.6743323,-0.1128625
0.05979894,0.6737302,-0.1122995
0.05911745,0.6729711,-0.1116801
0.05853577,0.6729577,-0.1112995
0.05813684,0.6730185,-0.1112294
0.0583587,0.6742585,-0.1113209
0.05871142,0.6751156,-0.1114143
0.05893795,0.6756707,-0.1108943
0.05948727,0.6757985,-0.1104441
0.05968876,0.6762198,-0.1100153
0.05967884,0.6765354,-0.1096297
0.05976798,0.6769117,-0.1090947
0.05993195,0.6775056,-0.108818
0.05959447,0.6780049,-0.1078253
0.0589675,0.6785626,-0.1073966
0.05852787,0.6796771,-0.1065704
0.05832873,0.6810543,-0.1056064
0.05800559,0.6838725,-0.1039097
0.0583628,0.6865223,-0.1033798
0.05841753,0.6888466,-0.1014027
0.05763058,0.6903768,-0.0986155
0.05707256,0.6906219,-0.09731714
0.05578317,0.6906289,-0.09469879
0.05621806,0.6901599,-0.09459919
0.05647805,0.6903401,-0.09406583
0.0560641,0.6904406,-0.09276144
0.05633105,0.690284,-0.09053051
0.05646624,0.6900917,-0.08746326
0.05802533,0.6907271,-0.08488535
0.05973934,0.6917396,-0.0825289
0.0619341,0.6916505,-0.07970711
0.06559055,0.6911899,-0.07730374
0.06900974,0.6897917,-0.07476942
0.07218949,0.6889244,-0.0726528
0.07413656,0.6872535,-0.07073879
0.07424007,0.6829199,-0.06958118
0.07424007,0.6829199,-0.06958118
0.07424007,0.6829199,-0.06958118
0.07424007,0.6829199,-0.06958118
0.07424007,0.6829199,-0.06958118
0.07424007,0.6829199,-0.06958118
0.07424007,0.6829199,-0.06958118
0.07424007,0.6829199,-0.06958118
0.07424007,0.6829199,-0.06958118
0.07424007,0.6829199,-0.06958118
0.07424007,0.6829199,-0.06958118
0.07424007,0.6829199,-0.06958118
0.07424007,0.6829199,-0.06958118
0.07424007,0.6829199,-0.06958118
0.07424007,0.6829199,-0.06958118
0.07424007,0.6829199,-0.06958118
0.07424007,0.6829199,-0.06958118
0.07424007,0.6829199,-0.06958118
0.07424007,0.6829199,-0.06958118
0.07424007,0.6829199,-0.06958118
0.07424007,0.6829199,-0.06958118
0.07424007,0.6829199,-0.06958118
0.07424007,0.6829199,-0.06958118
0.07424007,0.6829199,-0.06958118
0.07424007,0.6829199,-0.06958118
0.07424007,0.6829199,-0.06958118
0.07424007,0.6829199,-0.06958118
0.07424007,0.6829199,-0.06958118
0.07424007,0.6829199,-0.06958118
0.07424007,0.6829199,-0.06958118
0.07424007,0.6829199,-0.06958118
0.07424007,0.6829199,-0.06958118
0.07424007,0.6829199,-0.06958118
0.07424007,0.6829199,-0.06958118
0.07424007,0.6829199,-0.06958118
0.07424007,0.6829199,-0.06958118
0.07424007,0.6829199,-0.06958118
0.07424007,0.6829199,-0.06958118
0.07424007,0.6829199,-0.06958118
0.07424007,0.6829199,-0.06958118
0.07424007,0.6829199,-0.06958118
0.07071944,0.7026057,-0.08651969
0.03504655,0.6772366,-0.09107745
0.03042594,0.6725245,-0.09014031
0.03454594,0.6846922,-0.08879586
0.04126209,0.7011672,-0.09286797
0.0450965,0.7096861,-0.09806397
0.04484405,0.7129334,-0.1004863
0.0450494,0.7164723,-0.1042137
0.04608788,0.7210777,-0.1064915
0.04742482,0.7248893,-0.1068555
0.04794842,0.7256775,-0.1078194
0.04834077,0.7256775,-0.1085239
0.04853617,0.7263523,-0.109679
0.04900225,0.7271376,-0.110863
0.04923007,0.7279776,-0.1109639
0.04954123,0.7284055,-0.1106787
0.0497485,0.7287117,-0.1108956
0.04987973,0.7289014,-0.110941
0.05063669,0.7291992,-0.1109386
0.05110949,0.7299412,-0.1116351
0.05100945,0.7304321,-0.1118017
0.05099675,0.7304779,-0.1119457
0.05108322,0.7302164,-0.1114471
0.05108969,0.730084,-0.1103049
0.05196044,0.7305648,-0.1108359
0.05273633,0.7309678,-0.1110594
0.0530062,0.7310644,-0.1103712
0.05292617,0.7308031,-0.1095565
0.05343676,0.7306677,-0.1093506
0.053509,0.7304288,-0.1085672
0.05396493,0.7305737,-0.1094926
0.05418918,0.7305353,-0.1105667
0.0544481,0.7305265,-0.111221
0.05463426,0.730645,-0.1113876
0.05505253,0.7306083,-0.1115483
0.05414116,0.7298723,-0.1119904
0.05334303,0.7295957,-0.1121202
0.05289422,0.7296649,-0.1118157
0.052617,0.7295244,-0.1124403
0.05180159,0.7290161,-0.1132178
0.05051902,0.7286745,-0.11343
0.04992373,0.7280837,-0.1138625
0.0493052,0.7271503,-0.1140477
0.04857109,0.7264763,-0.1140135
0.04750359,0.7258111,-0.1134994
0.04681431,0.7254394,-0.1123268
0.04607333,0.7250062,-0.1114265
0.0452517,0.7247108,-0.1112026
0.04485914,0.7241897,-0.1116181
0.04464443,0.7236698,-0.1121226
0.04402465,0.7230027,-0.1124496
0.04324727,0.7221056,-0.1128447
0.04251061,0.7215691,-0.112864
0.04199001,0.7212885,-0.1127113
0.04148774,0.7212024,-0.1125826
0.04106282,0.7212449,-0.1124796
0.04080977,0.7213039,-0.1123168
0.04038937,0.7211419,-0.1119316
0.04001881,0.7207378,-0.1115399
0.03970157,0.7201234,-0.1111515
0.03944376,0.7195567,-0.1108319
0.03910621,0.719127,-0.1105191
0.03891085,0.7187892,-0.1102412
0.03888516,0.7185382,-0.1099844
0.03898707,0.7184415,-0.1099418
0.03908013,0.7186323,-0.1099482
8.550037,0.7188657,0.859044
8.550055,0.7191585,0.8590937
8.550252,0.7194452,0.8592257
8.550439,0.7194467,0.8592981
8.550585,0.7193721,0.8592359
8.550621,0.7194179,0.8591852
8.550741,0.7194638,0.8591481
8.550646,0.7194424,0.858885
8.550495,0.7194493,0.8588095
8.550324,0.7191922,0.8587685
8.55001,0.7188212,0.8588059
8.549404,0.718375,0.8589268
8.54879,0.7177926,0.8591843
8.548201,0.7171786,0.8594645
8.547849,0.7168184,0.8595329
8.547723,0.7164437,0.8598412
8.547885,0.716144,0.8605584
8.547355,0.7155707,0.8611347
8.546821,0.7142745,0.8618978
8.54651,0.7128575,0.8626202
8.54578,0.7109767,0.8637087
8.546369,0.7092729,0.8646864
8.547485,0.708836,0.8662146
8.549446,0.7083523,0.866976
8.552358,0.7074113,0.867512
8.555814,0.7057057,0.8687633
8.559333,0.7024752,0.8706275
8.562209,0.6984187,0.8720213
8.565444,0.6934046,0.8731687
8.568683,0.6884354,0.8746604
8.571801,0.6819566,0.8758688
8.573666,0.674521,0.8784417
8.574649,0.6673682,0.8813048
8.575291,0.6603382,0.8851262
8.574919,0.6537915,0.8896107
8.574213,0.6477977,0.8950005
8.574684,0.6431999,0.8993517
8.576454,0.6390436,0.9026561
8.577628,0.6355991,0.9052245
8.580427,0.6325203,0.9070126
8.582432,0.6303022,0.9088406
8.584217,0.6277611,0.9108269
8.585445,0.6260247,0.912326
8.586813,0.6247842,0.9140226
8.58881,0.6249264,0.9138781
8.590913,0.6255145,0.9128689
8.592169,0.6269053,0.9119196
8.592225,0.6283086,0.911381
8.592543,0.6316917,0.9090017
8.592668,0.6350011,0.907193
8.593921,0.6383081,0.9031751
8.594666,0.6394001,0.9002784
8.595668,0.6404794,0.8992383
8.596426,0.6405191,0.9012822
8.597358,0.6382533,0.9045981
8.595447,0.6332155,0.9067263
8.59168,0.6287321,0.9069997
8.589183,0.6296708,0.9062412
8.587473,0.6345769,0.9062371
8.585737,0.6377132,0.9065626
8.581203,0.635117,0.9066637
8.57211,0.6300941,0.9057577
8.564764,0.6266547,0.903423
8.558737,0.6229307,0.8999532
8.555504,0.6183966,0.8960794
8.552942,0.6113148,0.8900585
8.550479,0.605444,0.8814083
8.546045,0.5982211,0.8724554
8.541741,0.5921361,0.8649017
8.537043,0.5856909,0.8565223
8.533101,0.5792273,0.84712
8.530129,0.5738993,0.8378503
8.527115,0.5677516,0.828173
8.524279,0.5615768,0.81915
8.52095,0.5531557,0.8084532
8.518021,0.545593,0.7987998
8.51475,0.538089,0.7870995
8.513146,0.5327459,0.776938
8.511658,0.5253311,0.7660462
8.511487,0.5169263,0.7555675
8.511921,0.5091264,0.7457175
8.512612,0.5003098,0.7342288
8.514282,0.4916725,0.7251027
8.517699,0.4840423,0.7145203
8.520924,0.4771656,0.7055375
8.524426,0.4672446,0.6961303
8.527118,0.4583345,0.68825
8.530095,0.4482729,0.679988
8.534274,0.4395427,0.6737587
8.541426,0.4299143,0.6685532
8.543608,0.4191954,0.6652646
8.543333,0.4048814,0.6608557
8.544153,0.39493,0.6540304
8.546246,0.3854235,0.6438679
8.549109,0.3778506,0.632878
8.551635,0.3707252,0.6208249
8.556462,0.3625357,0.6082557
8.562397,0.3549181,0.6004062
8.572895,0.3421967,0.5911854
8.581494,0.3326973,0.5835258
8.592183,0.3234165,0.5740381
8.601768,0.318469,0.564631
8.614486,0.3188893,0.5538734
8.627163,0.3224469,0.5462196
8.640426,0.3235999,0.5365454
8.652403,0.3231401,0.5227441
8.657992,0.3171389,0.5083804
8.658848,0.2960377,0.4950812
8.660457,0.265695,0.4862434
8.664315,0.2157444,0.4740424
8.668255,0.1827156,0.4622041
8.677546,0.1636646,0.4538399
8.686968,0.16628,0.4485832
8.696877,0.177812,0.4463907
8.706448,0.1890098,0.4435812
8.715109,0.1967509,0.4406565
8.722367,0.2002279,0.4343019
8.727468,0.1997117,0.4305326
8.727468,0.1997117,0.4305326
8.727468,0.1997117,0.4305326
8.727468,0.1997117,0.4305326
8.727468,0.1997117,0.4305326
8.727468,0.1997117,0.4305326
8.727468,0.1997117,0.4305326
8.727468,0.1997117,0.4305326
8.727468,0.1997117,0.4305326
8.727468,0.1997117,0.4305326
8.727468,0.1997117,0.4305326
8.727468,0.1997117,0.4305326
8.727468,0.1997117,0.4305326
8.727468,0.1997117,0.4305326
8.727468,0.1997117,0.4305326
8.727468,0.1997117,0.4305326
8.727468,0.1997117,0.4305326
8.727468,0.1997117,0.4305326
8.727468,0.1997117,0.4305326
8.727468,0.1997117,0.4305326
8.727468,0.1997117,0.4305326
8.727468,0.1997117,0.4305326
8.727468,0.1997117,0.4305326
8.727468,0.1997117,0.4305326
8.727468,0.1997117,0.4305326
8.727468,0.1997117,0.4305326
8.727468,0.1997117,0.4305326
8.727468,0.1997117,0.4305326
8.727468,0.1997117,0.4305326
8.727468,0.1997117,0.4305326
8.727468,0.1997117,0.4305326
8.727468,0.1997117,0.4305326
8.727468,0.1997117,0.4305326
8.727468,0.1997117,0.4305326
8.727468,0.1997117,0.4305326
8.727468,0.1997117,0.4305326
8.727468,0.1997117,0.4305326
8.727468,0.1997117,0.4305326
8.727468,0.1997117,0.4305326
8.727468,0.1997117,0.4305326
8.727468,0.1997117,0.4305326
8.727468,0.1997117,0.4305326
8.727468,0.1997117,0.4305326
8.727468,0.1997117,0.4305326
8.727468,0.1997117,0.4305326
8.727468,0.1997117,0.4305326
8.727468,0.1997117,0.4305326
8.727468,0.1997117,0.4305326
8.727468,0.1997117,0.4305326
8.727468,0.1997117,0.4305326
8.727468,0.1997117,0.4305326
8.727468,0.1997117,0.4305326
8.727468,0.1997117,0.4305326
8.727468,0.1997117,0.4305326
8.727468,0.1997117,0.4305326
8.727468,0.1997117,0.4305326
8.727468,0.1997117,0.4305326
8.727468,0.1997117,0.4305326
8.727468,0.1997117,0.4305326
8.727468,0.1997117,0.4305326
8.727468,0.1997117,0.4305326
8.727468,0.1997117,0.4305326
8.727468,0.1997117,0.4305326
8.727468,0.1997117,0.4305326
8.727468,0.1997117,0.4305326
8.727468,0.1997117,0.4305326
8.727468,0.1997117,0.4305326
8.727468,0.1997117,0.4305326
8.727468,0.1997117,0.4305326
8.727468,0.1997117,0.4305326
8.727468,0.1997117,0.4305326
8.727468,0.1997117,0.4305326
8.727468,0.1997117,0.4305326
8.727468,0.1997117,0.4305326
8.727468,0.1997117,0.4305326
8.727468,0.1997117,0.4305326
8.727468,0.1997117,0.4305326
8.727468,0.1997117,0.4305326
8.727468,0.1997117,0.4305326
8.727468,0.1997117,0.4305326
8.727468,0.1997117,0.4305326
8.727468,0.1997117,0.4305326
8.727468,0.1997117,0.4305326
8.727468,0.1997117,0.4305326
8.727468,0.1997117,0.4305326
8.727468,0.1997117,0.4305326
8.727468,0.1997117,0.4305326
8.727468,0.1997117,0.4305326
8.727468,0.1997117,0.4305326
8.727468,0.1997117,0.4305326
8.727468,0.1997117,0.4305326
8.727468,0.1997117,0.4305326
8.727468,0.1997117,0.4305326
8.727468,0.1997117,0.4305326
8.727468,0.1997117,0.4305326
8.727468,0.1997117,0.4305326
8.727468,0.1997117,0.4305326
8.727468,0.1997117,0.4305326
8.727468,0.1997117,0.4305326
8.727468,0.1997117,0.4305326
8.727468,0.1997117,0.4305326
8.727468,0.1997117,0.4305326
8.727468,0.1997117,0.4305326
8.727468,0.1997117,0.4305326
8.727468,0.1997117,0.4305326
8.727468,0.1997117,0.4305326
8.727468,0.1997117,0.4305326
8.727468,0.1997117,0.4305326
8.727468,0.1997117,0.4305326
8.727468,0.1997117,0.4305326
8.727468,0.1997117,0.4305326
8.727468,0.1997117,0.4305326
8.727468,0.1997117,0.4305326
8.727468,0.1997117,0.4305326
8.727468,0.1997117,0.4305326
8.727468,0.1997117,0.4305326
8.727468,0.1997117,0.4305326
8.727468,0.1997117,0.4305326
8.727468,0.1997117,0.4305326
8.727468,0.1997117,0.4305326
8.727468,0.1997117,0.4305326
8.727468,0.1997117,0.4305326
8.727468,0.1997117,0.4305326
8.727468,0.1997117,0.4305326
8.727468,0.1997117,0.4305326
8.727468,0.1997117,0.4305326
8.727468,0.1997117,0.4305326
8.727468,0.1997117,0.4305326
8.727468,0.1997117,0.4305326
8.727468,0.1997117,0.4305326
8.727468,0.1997117,0.4305326
8.727468,0.1997117,0.4305326
8.727468,0.1997117,0.4305326
8.727468,0.1997117,0.4305326
8.727468,0.1997117,0.4305326
8.727468,0.1997117,0.4305326
8.727468,0.1997117,0.4305326
8.727468,0.1997117,0.4305326
8.727468,0.1997117,0.4305326
8.727468,0.1997117,0.4305326
8.727468,0.1997117,0.4305326
8.727468,0.1997117,0.4305326
8.727468,0.1997117,0.4305326
8.727468,0.1997117,0.4305326
8.727468,0.1997117,0.4305326
8.727468,0.1997117,0.4305326
8.727468,0.1997117,0.4305326
8.727468,0.1997117,0.4305326
8.727468,0.1997117,0.4305326
8.727468,0.1997117,0.4305326
8.727468,0.1997117,0.4305326
8.727468,0.1997117,0.4305326
8.727468,0.1997117,0.4305326
8.727468,0.1997117,0.4305326
8.727468,0.1997117,0.4305326
8.727468,0.1997117,0.4305326
8.727468,0.1997117,0.4305326
8.727468,0.1997117,0.4305326
8.727468,0.1997117,0.4305326
8.727468,0.1997117,0.4305326
8.727468,0.1997117,0.4305326
8.727468,0.1997117,0.4305326
8.727468,0.1997117,0.4305326
8.727468,0.1997117,0.4305326
8.727468,0.1997117,0.4305326
8.727468,0.1997117,0.4305326
8.727468,0.1997117,0.4305326
8.727468,0.1997117,0.4305326
8.727468,0.1997117,0.4305326
8.727468,0.1997117,0.4305326
8.727468,0.1997117,0.4305326
8.727468,0.1997117,0.4305326
8.727468,0.1997117,0.4305326
8.727468,0.1997117,0.4305326
8.727468,0.1997117,0.4305326
8.727468,0.1997117,0.4305326
8.727468,0.1997117,0.4305326
8.727468,0.1997117,0.4305326
8.727468,0.1997117,0.4305326
8.727468,0.1997117,0.4305326
8.727468,0.1997117,0.4305326
8.727468,0.1997117,0.4305326
8.727468,0.1997117,0.4305326
8.727468,0.1997117,0.4305326
8.727468,0.1997117,0.4305326
8.727468,0.1997117,0.4305326
8.727468,0.1997117,0.4305326
8.727468,0.1997117,0.4305326
8.727468,0.1997117,0.4305326
8.727468,0.1997117,0.4305326
8.727468,0.1997117,0.4305326
8.727468,0.1997117,0.4305326
8.727468,0.1997117,0.4305326
8.727468,0.1997117,0.4305326
8.727468,0.1997117,0.4305326
8.727468,0.1997117,0.4305326
8.727468,0.1997117,0.4305326
8.727468,0.1997117,0.4305326
8.727468,0.1997117,0.4305326
8.727468,0.1997117,0.4305326
8.727468,0.1997117,0.4305326
8.727468,0.1997117,0.4305326
8.727468,0.1997117,0.4305326
8.727468,0.1997117,0.4305326
8.727468,0.1997117,0.4305326
8.727468,0.1997117,0.4305326
8.727468,0.1997117,0.4305326
8.727468,0.1997117,0.4305326
8.727468,0.1997117,0.4305326
8.727468,0.1997117,0.4305326
8.727468,0.1997117,0.4305326
8.727468,0.1997117,0.4305326
8.727468,0.1997117,0.4305326
8.727468,0.1997117,0.4305326
8.727468,0.1997117,0.4305326
8.727468,0.1997117,0.4305326
8.727468,0.1997117,0.4305326
8.727468,0.1997117,0.4305326
8.727468,0.1997117,0.4305326
8.727468,0.1997117,0.4305326
8.727468,0.1997117,0.4305326
8.727468,0.1997117,0.4305326
8.727468,0.1997117,0.4305326
8.727468,0.1997117,0.4305326
8.727468,0.1997117,0.4305326
8.727468,0.1997117,0.4305326
8.727468,0.1997117,0.4305326
8.727468,0.1997117,0.4305326
8.727468,0.1997117,0.4305326
8.727468,0.1997117,0.4305326
8.727468,0.1997117,0.4305326
8.727468,0.1997117,0.4305326
8.727468,0.1997117,0.4305326
8.727468,0.1997117,0.4305326
8.727468,0.1997117,0.4305326
8.727468,0.1997117,0.4305326
8.727468,0.1997117,0.4305326
8.727468,0.1997117,0.4305326
8.727468,0.1997117,0.4305326
8.727468,0.1997117,0.4305326
8.727468,0.1997117,0.4305326
8.727468,0.1997117,0.4305326
8.727468,0.1997117,0.4305326
8.727468,0.1997117,0.4305326
8.727468,0.1997117,0.4305326
8.727468,0.1997117,0.4305326
8.727468,0.1997117,0.4305326
8.727468,0.1997117,0.4305326
8.727468,0.1997117,0.4305326
8.727468,0.1997117,0.4305326
8.727468,0.1997117,0.4305326
8.727468,0.1997117,0.4305326
8.727468,0.1997117,0.4305326
8.727468,0.1997117,0.4305326
8.727468,0.1997117,0.4305326
8.727468,0.1997117,0.4305326
8.727468,0.1997117,0.4305326
8.727468,0.1997117,0.4305326
8.727468,0.1997117,0.4305326
8.727468,0.1997117,0.4305326
8.727468,0.1997117,0.4305326
8.727468,0.1997117,0.4305326
8.727468,0.1997117,0.4305326
8.727468,0.1997117,0.4305326
8.727468,0.1997117,0.4305326
8.727468,0.1997117,0.4305326
8.727468,0.1997117,0.4305326
8.727468,0.1997117,0.4305326
8.727468,0.1997117,0.4305326
8.727468,0.1997117,0.4305326
8.727468,0.1997117,0.4305326
8.727468,0.1997117,0.4305326
8.727468,0.1997117,0.4305326
8.727468,0.1997117,0.4305326
8.727468,0.1997117,0.4305326
8.727468,0.1997117,0.4305326
8.727468,0.1997117,0.4305326
8.727468,0.1997117,0.4305326
8.727468,0.1997117,0.4305326
8.727468,0.1997117,0.4305326
8.727468,0.1997117,0.4305326
8.727468,0.1997117,0.4305326
8.727468,0.1997117,0.4305326
8.727468,0.1997117,0.4305326
8.727468,0.1997117,0.4305326
8.727468,0.1997117,0.4305326
8.727468,0.1997117,0.4305326
8.727468,0.1997117,0.4305326
8.727468,0.1997117,0.4305326
8.727468,0.1997117,0.4305326
8.727468,0.1997117,0.4305326
8.727468,0.1997117,0.4305326
8.727468,0.1997117,0.4305326
8.727468,0.1997117,0.4305326
8.727468,0.1997117,0.4305326
8.727468,0.1997117,0.4305326
8.727468,0.1997117,0.4305326
8.727468,0.1997117,0.4305326
8.727468,0.1997117,0.4305326
8.727468,0.1997117,0.4305326
8.727468,0.1997117,0.4305326
8.727468,0.1997117,0.4305326
8.727468,0.1997117,0.4305326
8.727468,0.1997117,0.4305326
8.727468,0.1997117,0.4305326
8.727468,0.1997117,0.4305326
8.727468,0.1997117,0.4305326
8.727468,0.1997117,0.4305326
8.727468,0.1997117,0.4305326
8.727468,0.1997117,0.4305326
8.727468,0.1997117,0.4305326
8.727468,0.1997117,0.4305326
8.727468,0.1997117,0.4305326
8.727468,0.1997117,0.4305326
8.727468,0.1997117,0.4305326
8.727468,0.1997117,0.4305326
8.727468,0.1997117,0.4305326
8.727468,0.1997117,0.4305326
8.727468,0.1997117,0.4305326
8.727468,0.1997117,0.4305326
8.727468,0.1997117,0.4305326
8.727468,0.1997117,0.4305326
8.727468,0.1997117,0.4305326
8.727468,0.1997117,0.4305326
8.727468,0.1997117,0.4305326
8.727468,0.1997117,0.4305326
8.727468,0.1997117,0.4305326
8.727468,0.1997117,0.4305326
8.727468,0.1997117,0.4305326
8.727468,0.1997117,0.4305326
8.727468,0.1997117,0.4305326
8.727468,0.1997117,0.4305326
8.727468,0.1997117,0.4305326
8.727468,0.1997117,0.4305326
8.727468,0.1997117,0.4305326
8.727468,0.1997117,0.4305326
8.727468,0.1997117,0.4305326
8.727468,0.1997117,0.4305326
8.727468,0.1997117,0.4305326
8.727468,0.1997117,0.4305326
8.727468,0.1997117,0.4305326
8.727468,0.1997117,0.4305326
8.727468,0.1997117,0.4305326
8.727468,0.1997117,0.4305326
8.727468,0.1997117,0.4305326
8.727468,0.1997117,0.4305326
8.727468,0.1997117,0.4305326
8.727468,0.1997117,0.4305326
8.727468,0.1997117,0.4305326
8.727468,0.1997117,0.4305326
8.727468,0.1997117,0.4305326
8.727468,0.1997117,0.4305326
8.727468,0.1997117,0.4305326
8.727468,0.1997117,0.4305326
8.727468,0.1997117,0.4305326
8.727468,0.1997117,0.4305326
8.727468,0.1997117,0.4305326
8.727468,0.1997117,0.4305326
8.727468,0.1997117,0.4305326
8.727468,0.1997117,0.4305326
8.727468,0.1997117,0.4305326
8.727468,0.1997117,0.4305326
8.727468,0.1997117,0.4305326
8.727468,0.1997117,0.4305326
8.727468,0.1997117,0.4305326
8.727468,0.1997117,0.4305326
8.727468,0.1997117,0.4305326
8.727468,0.1997117,0.4305326
8.727468,0.1997117,0.4305326
8.727468,0.1997117,0.4305326
8.727468,0.1997117,0.4305326
8.727468,0.1997117,0.4305326
8.727468,0.1997117,0.4305326
8.727468,0.1997117,0.4305326
8.727468,0.1997117,0.4305326
8.727468,0.1997117,0.4305326
8.727468,0.1997117,0.4305326
8.727468,0.1997117,0.4305326
8.727468,0.1997117,0.4305326
8.727468,0.1997117,0.4305326
8.727468,0.1997117,0.4305326
8.727468,0.1997117,0.4305326
8.727468,0.1997117,0.4305326
8.727468,0.1997117,0.4305326
8.727468,0.1997117,0.4305326
8.727468,0.1997117,0.4305326
8.727468,0.1997117,0.4305326
8.727468,0.1997117,0.4305326
8.727468,0.1997117,0.4305326
8.727468,0.1997117,0.4305326
8.727468,0.1997117,0.4305326
8.727468,0.1997117,0.4305326
8.727468,0.1997117,0.4305326
8.727468,0.1997117,0.4305326
8.727468,0.1997117,0.4305326
8.727468,0.1997117,0.4305326
8.727468,0.1997117,0.4305326
8.727468,0.1997117,0.4305326
8.727468,0.1997117,0.4305326
8.727468,0.1997117,0.4305326
8.727468,0.1997117,0.4305326
8.727468,0.1997117,0.4305326
8.727468,0.1997117,0.4305326
8.727468,0.1997117,0.4305326
8.727468,0.1997117,0.4305326
8.727468,0.1997117,0.4305326
8.727468,0.1997117,0.4305326
8.727468,0.1997117,0.4305326
8.727468,0.1997117,0.4305326
8.727468,0.1997117,0.4305326
8.727468,0.1997117,0.4305326
8.727468,0.1997117,0.4305326
8.727468,0.1997117,0.4305326
8.727468,0.1997117,0.4305326
8.727468,0.1997117,0.4305326
8.727468,0.1997117,0.4305326
8.727468,0.1997117,0.4305326
8.727468,0.1997117,0.4305326
8.727468,0.1997117,0.4305326
8.727468,0.1997117,0.4305326
8.727468,0.1997117,0.4305326
8.727468,0.1997117,0.4305326
8.727468,0.1997117,0.4305326
8.727468,0.1997117,0.4305326
8.727468,0.1997117,0.4305326
8.727468,0.1997117,0.4305326
8.727468,0.1997117,0.4305326
8.727468,0.1997117,0.4305326
8.727468,0.1997117,0.4305326
8.727468,0.1997117,0.4305326
8.727468,0.1997117,0.4305326
8.727468,0.1997117,0.4305326
8.727468,0.1997117,0.4305326
8.727468,0.1997117,0.4305326
8.727468,0.1997117,0.4305326
8.727468,0.1997117,0.4305326
8.727468,0.1997117,0.4305326
8.727468,0.1997117,0.4305326
8.727468,0.1997117,0.4305326
8.727468,0.1997117,0.4305326
8.727468,0.1997117,0.4305326
8.727468,0.1997117,0.4305326
8.727468,0.1997117,0.4305326
8.727468,0.1997117,0.4305326
8.727468,0.1997117,0.4305326
8.727468,0.1997117,0.4305326
8.727468,0.1997117,0.4305326
8.727468,0.1997117,0.4305326
8.727468,0.1997117,0.4305326
8.727468,0.1997117,0.4305326
8.727468,0.1997117,0.4305326
8.727468,0.1997117,0.4305326
8.727468,0.1997117,0.4305326
8.727468,0.1997117,0.4305326
8.727468,0.1997117,0.4305326
8.727468,0.1997117,0.4305326
8.727468,0.1997117,0.4305326
8.727468,0.1997117,0.4305326
8.727468,0.1997117,0.4305326
8.727468,0.1997117,0.4305326
8.727468,0.1997117,0.4305326
8.727468,0.1997117,0.4305326
8.727468,0.1997117,0.4305326
8.727468,0.1997117,0.4305326
8.727468,0.1997117,0.4305326
8.727468,0.1997117,0.4305326
8.727468,0.1997117,0.4305326
8.727468,0.1997117,0.4305326
8.727468,0.1997117,0.4305326
8.727468,0.1997117,0.4305326
8.727468,0.1997117,0.4305326
8.727468,0.1997117,0.4305326
8.727468,0.1997117,0.4305326
8.727468,0.1997117,0.4305326
8.727468,0.1997117,0.4305326
8.727468,0.1997117,0.4305326
8.727468,0.1997117,0.4305326
8.727468,0.1997117,0.4305326
8.727468,0.1997117,0.4305326
8.727468,0.1997117,0.4305326
8.727468,0.1997117,0.4305326
8.727468,0.1997117,0.4305326
8.727468,0.1997117,0.4305326
8.727468,0.1997117,0.4305326
8.727468,0.1997117,0.4305326
8.727468,0.1997117,0.4305326
8.727468,0.1997117,0.4305326
8.727468,0.1997117,0.4305326
8.727468,0.1997117,0.4305326
8.727468,0.1997117,0.4305326
8.727468,0.1997117,0.4305326
8.727468,0.1997117,0.4305326
8.727468,0.1997117,0.4305326
8.674964,0.4954686,0.7227876
8.648357,0.4840975,0.7239348
8.653586,0.512008,0.7365552
8.658218,0.5639249,0.7458546
8.661205,0.5887705,0.7485245
8.657578,0.6028714,0.7557352
8.645427,0.6110865,0.7641546
8.645315,0.629311,0.767536
8.642106,0.6462489,0.7711567
8.637847,0.6605344,0.7736753
8.635584,0.6735173,0.7759255
8.633608,0.6816527,0.7788783
8.63149,0.6892467,0.7824737
8.630197,0.6952191,0.7860432
8.628475,0.6993716,0.7894289
8.6271,0.7013943,0.7933946
8.625653,0.703209,0.7970577
8.624289,0.7044626,0.8003553
8.623492,0.7061887,0.8029557
8.622652,0.7075133,0.8057746
8.62228,0.7086564,0.8080161
8.621345,0.7095199,0.8099856
8.620969,0.7102812,0.8113011
8.620317,0.710595,0.8125388
8.620042,0.7110712,0.8129814
8.619449,0.7114852,0.8137055
8.618665,0.7114823,0.8146088
8.617601,0.7105704,0.816138
8.616677,0.7095327,0.8175233
8.615499,0.7081607,0.8186421
8.614891,0.7068241,0.8196068
8.614555,0.7052696,0.8208632
8.614727,0.7036989,0.8222654
8.614561,0.7019604,0.8236467
8.613973,0.699711,0.8251472
8.613594,0.698216,0.8259642
8.613984,0.6968246,0.8266991
8.61431,0.695401,0.8271652
8.61559,0.6942795,0.8272136
8.616219,0.6927041,0.8274041
8.616933,0.6904061,0.8281881
8.616513,0.68954,0.8286931
8.616514,0.6886768,0.8300632
8.616373,0.6880316,0.8311132
8.615713,0.6867946,0.8318028
8.615842,0.6857873,0.8319846
8.616093,0.6852294,0.8318685
8.616781,0.684719,0.8324727
8.617886,0.6834531,0.8332872
8.61981,0.6821426,0.8345832
8.620152,0.6804476,0.8357659
8.620064,0.6779576,0.8373393
8.620469,0.6767352,0.8383879
8.621134,0.6760978,0.8389113
8.62149,0.6756595,0.8388354
8.621158,0.6752053,0.8383508
8.620878,0.6744398,0.83825
8.621044,0.6729673,0.8381276
8.621552,0.6718088,0.8381308
8.622313,0.6710551,0.8378425
8.622813,0.6697342,0.8381199
8.622859,0.6686293,0.8383947
8.622931,0.6677741,0.8384033
8.622493,0.6672288,0.8382802
8.621959,0.6667023,0.8383473
8.621374,0.66645,0.8385185
8.620586,0.666132,0.8384082
8.620166,0.6658166,0.8382401
8.619893,0.6656049,0.8378697
8.619778,0.6656592,0.8374877
8.619689,0.6657222,0.8372773
8.61964,0.6662961,0.8371544
8.619744,0.6668249,0.8370483
8.620052,0.6675262,0.8366081
8.619947,0.6681357,0.8363489
8.619452,0.6684039,0.8365022
8.618985,0.6683765,0.8367311
8.619072,0.6679438,0.837122
8.619805,0.6674373,0.8377533
8.620874,0.6672677,0.8382537
8.621684,0.6673577,0.8382913
8.622654,0.6672663,0.8385051
8.622768,0.6666326,0.8390459
8.622417,0.6668926,0.8391353
8.622014,0.6672598,0.8388833
8.621846,0.668112,0.8384266
8.620901,0.6682852,0.8376791
8.620343,0.6689754,0.8370719
8.61969,0.6691077,0.8360182
8.618352,0.6687894,0.8349048
8.617167,0.6680399,0.8340237
8.616614,0.6680235,0.8328249
8.616374,0.6683448,0.8317728
8.615859,0.6688743,0.8310412
8.61599,0.6686632,0.8301784
8.615571,0.66843,0.8292099
8.615123,0.6686452,0.8287676
8.614918,0.6693538,0.8282244
8.615023,0.6701542,0.827962
8.615145,0.6711112,0.8276508
8.615087,0.6719454,0.8273127
8.61552,0.6733635,0.8270006
8.61579,0.674444,0.8271997
8.616174,0.6751557,0.8270864
8.616771,0.6758083,0.8269787
8.61719,0.676724,0.8273378
8.617633,0.6772004,0.8275245
8.617997,0.6778248,0.8272731
8.618006,0.677568,0.8273942
8.617737,0.6770356,0.8272539
8.617577,0.676545,0.8269365
8.617205,0.676149,0.8263795
8.616584,0.675451,0.8258519
8.616202,0.6750136,0.8255253
8.616003,0.6748305,0.8252857
8.615828,0.6747358,0.8250533
8.615527,0.6746053,0.824783
8.615239,0.674398,0.8244436
8.615004,0.6740406,0.8240082
8.615017,0.6742445,0.8235948
8.615035,0.674611,0.8230785
8.61513,0.6749898,0.8223934
8.615046,0.6744952,0.8220174
8.614564,0.67395,0.8215957
8.614454,0.6738117,0.8211697
8.613988,0.673868,0.8204652
8.613485,0.6741763,0.8197761
8.613344,0.6746474,0.8187449
8.613442,0.675302,0.8181235
8.613632,0.676161,0.8172964
8.613761,0.6766073,0.8168789
8.61385,0.6774963,0.8162348
8.61375,0.6780124,0.8162298
8.613878,0.6784241,0.8158797
8.613894,0.6788917,0.815932
8.614225,0.6792918,0.8162359
8.613985,0.6793004,0.8167593
8.614219,0.6792982,0.8172739
8.614991,0.6796448,0.817095
8.615768,0.6798571,0.8171877
8.616607,0.6803077,0.8174736
8.616934,0.6805323,0.8172768
8.61721,0.6805001,0.8172936
8.616935,0.680261,0.8172083
8.616846,0.6801358,0.8172804
8.616586,0.6800686,0.817352
8.61631,0.6799174,0.817241
8.615977,0.6796709,0.8172899
8.61581,0.6795769,0.817345
8.615754,0.6796232,0.8175001
8.615835,0.6797121,0.8174431
8.615885,0.6798366,0.8175192
8.616009,0.6799094,0.8175908
8.616164,0.6799467,0.8178319
8.616549,0.6801358,0.8181793
8.617254,0.6803913,0.8181672
8.617909,0.6806101,0.8181349
8.617944,0.6809183,0.8174696
8.617314,0.6806422,0.8166223
8.616702,0.6801206,0.8160675
8.616052,0.6794727,0.8160214
8.615763,0.6794363,0.8161097
8.616261,0.6800811,0.8160803
8.617352,0.6809558,0.8161085
8.618441,0.6815169,0.8158871
8.6188,0.6814736,0.8157398
8.619178,0.6816942,0.8153887
8.619384,0.6812745,0.8153788
8.618997,0.680743,0.8155162
8.618837,0.680543,0.815411
8.618895,0.6803418,0.8154022
8.61915,0.6799753,0.8153346
8.61903,0.6794868,0.8155283
8.618991,0.6789889,0.8155084
8.61915,0.6788078,0.8154083
8.619617,0.6788803,0.8152822
8.61949,0.678719,0.815432
8.619926,0.6784835,0.8152434
8.62032,0.6787491,0.8153878
8.620565,0.679089,0.8154089
8.620152,0.6793509,0.8153149
8.620159,0.6797554,0.8150738
8.62006,0.6799737,0.8148776
8.620139,0.6805099,0.8148639
8.620131,0.6807345,0.814615
8.620214,0.6806276,0.8141892
8.620048,0.6802037,0.8137904
8.61937,0.6799663,0.8133831
8.617479,0.6806212,0.8135213
8.616198,0.6813129,0.8139923
8.615544,0.6819683,0.8141905
8.615389,0.6822825,0.8140286
8.615875,0.6825635,0.813704
8.616329,0.6818352,0.8134055
8.616588,0.6811658,0.8136261
8.616877,0.6796206,0.8144824
8.61724,0.678222,0.8153202
8.617658,0.6775909,0.8167813
8.618504,0.6774927,0.8181986
8.619715,0.6770992,0.8201672
8.621119,0.6763228,0.8221692
8.622621,0.6756616,0.8240235
8.623884,0.6755635,0.8249341
8.624739,0.6754636,0.8260963
8.625556,0.6754077,0.827105
8.626219,0.675202,0.8279415
8.626282,0.6746593,0.8281504
8.626293,0.6739847,0.8284494
8.625839,0.672787,0.8281162
8.625343,0.6719828,0.8282322
8.625336,0.6715611,0.8284607
8.624811,0.6709645,0.8285127
8.62445,0.6704422,0.8285211
8.6246,0.6701147,0.8287963
8.624971,0.670397,0.829165
8.625411,0.6710424,0.8291957
8.625464,0.6712134,0.8290734
8.625377,0.6711879,0.8288552
8.624828,0.6708456,0.8291128
8.624104,0.6704236,0.8294163
8.62368,0.6702369,0.8295551
8.623298,0.6703349,0.8297558
8.62312,0.6703123,0.8298045
8.623214,0.6703113,0.8297805
8.623038,0.6703678,0.829843
8.622956,0.6704746,0.8300517
8.622753,0.6704567,0.8303806
8.622635,0.6705481,0.8308811
8.622561,0.671166,0.8314894
8.622136,0.6712995,0.8319601
8.622131,0.6710086,0.832402
8.621987,0.6707841,0.8322654
8.621498,0.6702991,0.8317142
8.620979,0.6701947,0.8310684
8.620892,0.6705531,0.8304645
8.620859,0.670862,0.8300227
8.620855,0.6711338,0.8298867
8.620909,0.6711493,0.8300414
8.621036,0.6709947,0.8304362
8.620912,0.670827,0.8309249
8.620572,0.6705847,0.8316487
8.620203,0.6703036,0.8322269
8.619557,0.6699274,0.8324856
8.619091,0.669808,0.8324764
8.618741,0.6697264,0.8325115
8.618704,0.6700087,0.8324568
8.618682,0.6701406,0.8324918
8.618455,0.669998,0.8324818
8.618148,0.6697658,0.8324691
8.617925,0.6698439,0.8323568
8.617858,0.6701799,0.8322291
8.617781,0.6702829,0.8323384
8.617974,0.6705738,0.832061
8.618233,0.670667,0.831767
8.618502,0.6706639,0.8315691
8.618441,0.6703723,0.8316366
8.617904,0.6699111,0.8316247
8.617675,0.6696852,0.8315589
8.61749,0.6697684,0.83155
8.617343,0.6698044,0.83153
8.617533,0.669688,0.8315094
8.617584,0.6694883,0.8316625
8.617582,0.6692691,0.8317352
8.617651,0.6690598,0.831908
8.617863,0.6693392,0.831894
8.618006,0.6694575,0.8317412
8.618467,0.6698897,0.8316445
8.619059,0.6703519,0.8316447
8.619576,0.6708308,0.8318741
8.619715,0.6709682,0.8318772
8.619877,0.6707547,0.8318678
8.619704,0.6703539,0.8320801
8.619565,0.6699565,0.8324277
8.619392,0.6695538,0.8327978
8.619395,0.6693886,0.8330617
8.619167,0.6694019,0.8332235
8.619158,0.6695858,0.8332599
8.61944,0.6700367,0.8332788
8.620082,0.6706396,0.8331037
8.620598,0.6711159,0.8330564
8.621144,0.6716262,0.8330617
8.621605,0.671908,0.832935
8.621832,0.6719645,0.8329973
8.621816,0.6718407,0.833031
8.621486,0.6716188,0.8330566
8.620995,0.6712943,0.8330724
8.620247,0.6708431,0.833043
8.619682,0.6706142,0.8329772
8.619119,0.670338,0.8327875
8.618565,0.6698909,0.8325073
8.618313,0.6694227,0.8322001
8.617991,0.6687174,0.832341
8.617741,0.6680542,0.8323889
8.617592,0.66736,0.8322602
8.617542,0.6668835,0.8322196
8.617367,0.6666042,0.8321589
8.617335,0.6665259,0.832124
8.617299,0.6665489,0.8321418
8.617167,0.66672,0.8322288
8.617021,0.6666635,0.8323632
8.61684,0.6666833,0.8324057
8.616768,0.6668685,0.8322772
8.616751,0.6670497,0.8321456
8.616732,0.6674042,0.8320439
8.616775,0.667566,0.8318048
8.616748,0.6678227,0.8316018
8.616919,0.6682869,0.8312835
8.617169,0.6688829,0.8310303
8.617529,0.6693879,0.8308187
8.617585,0.6696612,0.8305509
8.617645,0.6700167,0.830328
8.617705,0.6702903,0.8302008
8.617698,0.6704753,0.8299231
0.1066774,0.6704169,-0.1391997
0.1065118,0.6700221,-0.1393093
0.1064038,0.669453,-0.1391396
0.1061394,0.6689638,-0.1391065
0.1058429,0.6681551,-0.1390246
0.1056167,0.6675251,-0.1389908
0.1055757,0.6671563,-0.1389476
0.1056533,0.6668912,-0.1389389
0.1059696,0.6671422,-0.1388795
0.1061372,0.667219,-0.1388933
0.106298,0.6672383,-0.1389007
0.1063461,0.667123,-0.1388816
0.1064609,0.6671222,-0.1389655
0.1062519,0.6670433,-0.1391734
0.1063495,0.6670613,-0.1394148
0.106301,0.6669026,-0.1395661
0.1059111,0.666661,-0.1396843
0.10522,0.6662217,-0.1396189
0.1048528,0.6666592,-0.1396316
0.10414,0.6668087,-0.1397462
0.1038122,0.6668156,-0.1397885
0.1036056,0.6663907,-0.1400456
0.1030584,0.6656604,-0.1400993
0.1023405,0.6642342,-0.1401501
0.1017782,0.6630438,-0.1395512
0.100741,0.6615477,-0.1387669
0.1001461,0.6602647,-0.1380925
0.1000269,0.6591478,-0.1373692
0.09996533,0.6585053,-0.1367353
0.1003105,0.6586464,-0.1360942
0.1013088,0.6596876,-0.1351244
0.1019418,0.6608468,-0.1340144
0.1010983,0.6620495,-0.1321571
0.1003319,0.6640027,-0.1300712
0.09998383,0.666267,-0.127407
0.09858698,0.6666937,-0.1245157
0.09857966,0.6658493,-0.1220844
0.09646284,0.6626316,-0.119319
0.09518618,0.6589075,-0.1169277
0.09454137,0.6559619,-0.1152085
0.0986089,0.6567362,-0.1155511
0.1025616,0.6574351,-0.1172208
0.1072751,0.6593772,-0.1197071
0.1105925,0.6611257,-0.1211389
0.1121368,0.6628357,-0.1216907
0.1136756,0.6653317,-0.1223387
0.1138375,0.666627,-0.121777
0.1157867,0.6668418,-0.1228145
0.1187911,0.6648628,-0.1249199
0.1237149,0.6604155,-0.1297815
0.1264398,0.6555499,-0.1335491
0.127314,0.6516525,-0.1354046
0.1262209,0.6492799,-0.1364828
0.1250613,0.6481572,-0.1351741
0.1227529,0.6461687,-0.1317116
0.1210748,0.6437512,-0.1276509
0.120883,0.6391622,-0.1228843
0.1217191,0.6317874,-0.1171368
0.1243995,0.6201408,-0.1123695
0.1261086,0.6072497,-0.1071889
0.1265933,0.5926147,-0.09894437
0.1239447,0.580194,-0.07987207
0.115667,0.5710566,-0.06061177
0.1068953,0.5681445,-0.05200846
0.1029718,0.564818,-0.05372781
0.09822803,0.5512618,-0.05306871
0.09459995,0.5359715,-0.05028115
0.08887519,0.5179126,-0.04939714
0.08220214,0.4987075,-0.05023311
0.07453881,0.4820766,-0.05187725
0.06871732,0.4688561,-0.05259959
0.0631016,0.4578616,-0.05362676
0.06001563,0.444612,-0.05419698
0.05806872,0.4355141,-0.05462132
0.0588678,0.4324426,-0.05364408
0.05977957,0.4288775,-0.05222714
0.06139152,0.4234028,-0.05122711
0.0637597,0.4182755,-0.05023001
0.06861979,0.4163492,-0.04764034
0.07367772,0.4134832,-0.04551432
0.07876836,0.4104337,-0.04359467
0.08224502,0.4096566,-0.04230598
0.08224502,0.4096566,-0.04230598
0.08224502,0.4096566,-0.04230598
0.08224502,0.4096566,-0.04230598
0.08224502,0.4096566,-0.04230598
0.08224502,0.4096566,-0.04230598
0.08224502,0.4096566,-0.04230598
0.08224502,0.4096566,-0.04230598
0.08224502,0.4096566,-0.04230598
0.08224502,0.4096566,-0.04230598
0.08224502,0.4096566,-0.04230598
0.08224502,0.4096566,-0.04230598
0.08224502,0.4096566,-0.04230598
0.08224502,0.4096566,-0.04230598
0.08224502,0.4096566,-0.04230598
0.08224502,0.4096566,-0.04230598
0.08224502,0.4096566,-0.04230598
0.08224502,0.4096566,-0.04230598
0.08224502,0.4096566,-0.04230598
0.08224502,0.4096566,-0.04230598
0.08224502,0.4096566,-0.04230598
0.08224502,0.4096566,-0.04230598
0.08224502,0.4096566,-0.04230598
0.08224502,0.4096566,-0.04230598
0.08224502,0.4096566,-0.04230598
0.08224502,0.4096566,-0.04230598
0.08224502,0.4096566,-0.04230598
0.08224502,0.4096566,-0.04230598
0.08224502,0.4096566,-0.04230598
0.08224502,0.4096566,-0.04230598
0.08224502,0.4096566,-0.04230598
0.08224502,0.4096566,-0.04230598
0.08224502,0.4096566,-0.04230598
0.08224502,0.4096566,-0.04230598
0.08224502,0.4096566,-0.04230598
0.08224502,0.4096566,-0.04230598
0.08224502,0.4096566,-0.04230598
0.08224502,0.4096566,-0.04230598
0.08224502,0.4096566,-0.04230598
0.08224502,0.4096566,-0.04230598
0.08224502,0.4096566,-0.04230598
0.08224502,0.4096566,-0.04230598
0.08224502,0.4096566,-0.04230598
0.08224502,0.4096566,-0.04230598
0.08224502,0.4096566,-0.04230598
0.08224502,0.4096566,-0.04230598
0.08224502,0.4096566,-0.04230598
0.08224502,0.4096566,-0.04230598
0.08224502,0.4096566,-0.04230598
0.08224502,0.4096566,-0.04230598
0.08224502,0.4096566,-0.04230598
0.08224502,0.4096566,-0.04230598
0.08224502,0.4096566,-0.04230598
0.08224502,0.4096566,-0.04230598
0.08224502,0.4096566,-0.04230598
0.08224502,0.4096566,-0.04230598
0.08224502,0.4096566,-0.04230598
0.08224502,0.4096566,-0.04230598
0.08224502,0.4096566,-0.04230598
0.08224502,0.4096566,-0.04230598
0.08224502,0.4096566,-0.04230598
0.08224502,0.4096566,-0.04230598
0.08224502,0.4096566,-0.04230598
0.08224502,0.4096566,-0.04230598
0.08224502,0.4096566,-0.04230598
0.08224502,0.4096566,-0.04230598
0.08224502,0.4096566,-0.04230598
0.08224502,0.4096566,-0.04230598
0.08224502,0.4096566,-0.04230598
0.08224502,0.4096566,-0.04230598
0.08224502,0.4096566,-0.04230598
0.08224502,0.4096566,-0.04230598
0.08067468,0.7004843,-0.006881177
0.08789891,0.7124744,-0.007369757
0.09828512,0.7302015,-0.008052692
0.1033935,0.743001,-0.008172259
0.1064259,0.7551544,-0.007718116
0.1064661,0.7629518,-0.005503133
0.1058371,0.7703975,-0.002723262
0.104923,0.7790497,0.0005766302
0.1044214,0.7890701,0.00396359
0.1070226,0.8003102,0.006273434
0.1093686,0.8104275,0.008623496
0.1118847,0.8238173,0.01260544
0.1145797,0.8353685,0.01653285
0.116697,0.8453301,0.02057545
0.1181837,0.8546162,0.02455376
0.1204469,0.865016,0.029719
0.1215137,0.8728424,0.03443865
0.1234535,0.8831924,0.04109861
0.1265029,0.8942838,0.04780333
0.12869,0.9033781,0.05377679
0.1313543,0.9128644,0.06021111
0.1339311,0.9220169,0.06676225
0.1372673,0.932891,0.07464682
0.1396735,0.9404448,0.08084308
0.1415188,0.9475639,0.08784227
0.1431553,0.9535651,0.09443413
0.1447997,0.9593028,0.1014224
0.1466765,0.9634057,0.1081258
0.1489057,0.9662359,0.1139353
0.1509834,0.9679084,0.1199278
0.1522261,0.9687437,0.1255202
0.1548065,0.9678527,0.1287907
0.1570803,0.9662755,0.1313656
0.1601779,0.9629965,0.1328441
0.1635154,0.9587453,0.1330601
0.167748,0.9528839,0.1322854
0.1716628,0.9475866,0.1290615
0.1743788,0.9436415,0.1260753
0.1767595,0.94079,0.1226063
0.1790871,0.9386013,0.1178317
0.1802905,0.9379111,0.1129605
0.1811295,0.936792,0.1077674
0.1820479,0.9352255,0.1024244
0.1825093,0.932793,0.09668885
0.1830962,0.930065,0.08991726
0.1832291,0.9283536,0.08259828
0.1832396,0.926704,0.07593177
0.1835422,0.9245318,0.06786619
0.1837111,0.9216028,0.05880915
0.1832788,0.9178733,0.0504889
0.1824811,0.9142463,0.04305483
0.1811051,0.9107037,0.03526725
0.1786525,0.9069198,0.02813663
0.1767805,0.9038251,0.01942168
0.1749197,0.9007431,0.01241793
0.1723042,0.8983381,0.005948484
0.1690849,0.8957422,-0.000849396
0.1663525,0.8932791,-0.007060498
0.1631684,0.8906749,-0.01311222
0.1597794,0.888594,-0.01835842
0.1549274,0.8853913,-0.02445135
0.149653,0.882492,-0.02939226
0.1433961,0.8787493,-0.03435053
0.1380449,0.8758205,-0.03846276
0.1323472,0.8731824,-0.04290245
0.1261552,0.86984,-0.04791614
0.1220116,0.8675817,-0.0518903
0.1171271,0.8648048,-0.056289
0.1133993,0.8625392,-0.05947413
0.1095095,0.858928,-0.06328957
0.1056564,0.8550423,-0.06600843
0.102134,0.8511968,-0.06843998
0.09911527,0.8481367,-0.06982611
0.09565012,0.8452247,-0.07117634
0.09273404,0.8434032,-0.07133809
0.089554,0.8421559,-0.07105942
0.0851654,0.8419912,-0.07009572
0.07891878,0.8438492,-0.06883191
0.07081756,0.8460532,-0.06880911
0.06157552,0.8499289,-0.07102472
0.05331188,0.8526648,-0.07421196
0.04573929,0.8540205,-0.07835679
0.03889574,0.8530408,-0.08370873
0.0332709,0.8507598,-0.08870451
0.02778509,0.8477455,-0.09361497
0.02332871,0.8450678,-0.09781823
0.01998101,0.8433939,-0.1011843
0.01755902,0.8428548,-0.1046919
0.01147377,0.8421372,-0.1094049
0.007425845,0.8418681,-0.1114227
0.003434628,0.8416713,-0.1149395
-0.0007637292,0.8403707,-0.1212917
-0.00236696,0.8394199,-0.1241013
-0.005213633,0.8379549,-0.128359
-0.00796327,0.8373606,-0.1307181
-0.01105277,0.8375689,-0.1327242
-0.01441646,0.8373663,-0.1331818
-0.01646081,0.8367661,-0.1329368
-0.01434308,0.8368892,-0.1327938
-0.005933523,0.8349882,-0.132831
0.005818889,0.8272204,-0.1354908
0.01802093,0.8157136,-0.1415922
0.02057068,0.8095008,-0.1452845
0.02197005,0.8041289,-0.1464478
0.02113125,0.8000608,-0.1446165
0.01427007,0.7969446,-0.1428919
0.00521262,0.7968071,-0.1431233
-0.0053799,0.7978823,-0.1458824
-0.01294056,0.7967363,-0.1477045
-0.02170539,0.7947236,-0.1487479
-0.03077134,0.7911814,-0.1484082
-0.03951691,0.7919171,-0.1481968
-0.04745953,0.7950955,-0.1477201
-0.05352245,0.8003164,-0.1470532
-0.05806769,0.8056417,-0.145487
-0.06151079,0.8086854,-0.1438006
-0.06533353,0.8127254,-0.1417105
-0.06804673,0.8168412,-0.1392998
-0.07099186,0.8206185,-0.1361866
-0.07452719,0.824962,-0.1331446
-0.0801727,0.8279775,-0.1316125
-0.08566819,0.8294671,-0.1320841
-0.09089898,0.8312986,-0.1324978
-0.09662341,0.8338619,-0.1314039
-0.1028442,0.8368182,-0.1296587
-0.1083591,0.8391512,-0.1269279
-0.1125017,0.8421121,-0.1239638
-0.115719,0.8444158,-0.1211088
-0.1187721,0.8446277,-0.1199762
-0.1218371,0.8436964,-0.1199979
-0.1237118,0.8427048,-0.1202179
-0.1251916,0.8413504,-0.1204428
-0.1252268,0.8395465,-0.1203353
-0.1237716,0.8386937,-0.1201608
-0.1208802,0.8383527,-0.1197999
-0.1173424,0.8382787,-0.1179685
-0.1141239,0.838085,-0.1163238
-0.1120091,0.8377121,-0.1149633
-0.111746,0.8377545,-0.1119997
-0.1119028,0.8375717,-0.1091297
-0.1137282,0.8359759,-0.1055465
-0.114122,0.8348611,-0.1029483
-0.1144877,0.8346012,-0.09896909
-0.1138652,0.835245,-0.0961294
-0.1127558,0.8354477,-0.09377953
-0.1112909,0.8361438,-0.09252048
-0.1106577,0.8371986,-0.09086461
-0.1128551,0.8383518,-0.08906293
-0.1149656,0.8395894,-0.08800298
-0.1185859,0.8396426,-0.08704543
-0.1224664,0.8396595,-0.08674967
-0.1258252,0.839369,-0.08762204
-0.1286267,0.8383272,-0.08873224
-0.1314913,0.8372126,-0.09042636
-0.1328425,0.8368362,-0.09217346
-0.1310635,0.8378871,-0.09417813
-0.1272347,0.8399745,-0.09686261
-0.1243123,0.8428522,-0.09940548
-0.122684,0.8456724,-0.1013805
-0.1223679,0.8473514,-0.1026138
-0.1249136,0.8469842,-0.1031305
-0.1272473,0.8459607,-0.1030854
-0.129416,0.8439036,-0.1020666
-0.1309258,0.8421263,-0.1012174
-0.1319583,0.8409539,-0.1011783
-0.1331256,0.8412531,-0.1009646
-0.1335664,0.842987,-0.1002324
-0.132981,0.8450869,-0.09955931
-0.1308334,0.847984,-0.09861515
-0.1285615,0.8508461,-0.09868631
-0.1247744,0.8536817,-0.09841335
-0.1233621,0.8546575,-0.09712866
-0.1233314,0.8543175,-0.09605134
-0.1247125,0.853299,-0.09331723
-0.1251417,0.8522537,-0.09140751
-0.1269023,0.8509286,-0.08930112
-0.1282157,0.8498262,-0.08868213
-0.1289737,0.849583,-0.08860837
-0.1289339,0.8504224,-0.08798383
-0.1284616,0.8508351,-0.08803961
-0.1274603,0.8511031,-0.08735757
-0.1264325,0.8511274,-0.08598664
-0.1268182,0.8500714,-0.08427197
-0.1265383,0.8485966,-0.08317302
-0.1270547,0.8451524,-0.08177614
-0.1274054,0.8426254,-0.08103984
-0.127044,0.840726,-0.08070948
-0.1262096,0.8401428,-0.08087503
-0.1250176,0.8407914,-0.08113485
-0.1240046,0.8417001,-0.08145853
-0.1227689,0.8424013,-0.08232906
-0.1226956,0.843021,-0.08256608
-0.1227569,0.8431616,-0.08339274
-0.1224009,0.8432235,-0.08395468
-0.1222483,0.8431545,-0.08486776
-0.1221499,0.8430412,-0.08597893
-0.1225111,0.843015,-0.08706445
-0.123047,0.8431409,-0.0877832
-0.1239492,0.8432193,-0.08796193
-0.1244402,0.8436825,-0.08858494
-0.1249076,0.8437449,-0.08917038
-0.126956,0.8426233,-0.08944239
-0.128694,0.8411511,-0.09029487
-0.1302225,0.8394025,-0.09257819
-0.1319291,0.8376794,-0.09434865
-0.1337246,0.836947,-0.09668568
-0.1361805,0.837759,-0.0992898
-0.1375979,0.8393534,-0.1013425
-0.1382747,0.8419495,-0.1035912
-0.1382989,0.8444903,-0.106364
-0.1390112,0.8461449,-0.1085163
-0.1407941,0.8464845,-0.1101096
-0.1414154,0.8453425,-0.1110494
-0.1420588,0.8435414,-0.1125978
-0.1435054,0.8419991,-0.1142779
-0.1454837,0.8405641,-0.1152269
-0.1483292,0.8392919,-0.1166105
-0.1510403,0.8392432,-0.1178178
-0.1525506,0.8395647,-0.1190722
-0.1528351,0.8392704,-0.1194436
-0.1522051,0.8380001,-0.1196852
-0.1517277,0.8351637,-0.1184411
-0.1497176,0.8314191,-0.1176834
-0.1472235,0.8270292,-0.1166194
-0.1463791,0.8228071,-0.1159643
-0.1458056,0.8186378,-0.1152414
-0.1450443,0.8164933,-0.1150076
-0.1434512,0.8162861,-0.1140059
-0.1405293,0.8179217,-0.1127172
-0.1362451,0.8214961,-0.1108384
-0.1325562,0.825319,-0.1091771
-0.1277105,0.8289955,-0.1069677
-0.1205466,0.8314579,-0.1071201
-0.1110337,0.8327406,-0.1076247
-0.09955578,0.8336542,-0.1096358
-0.09018271,0.8348423,-0.1097344
-0.07912846,0.8343791,-0.1106074
-0.07201622,0.8351241,-0.1100007
-0.06515034,0.8355246,-0.1081557
-0.05883427,0.8360541,-0.1058974
-0.04895906,0.837626,-0.1038235
-0.03807305,0.8409491,-0.1022034
-0.02590755,0.8436187,-0.1005712
-0.01511434,0.8462654,-0.09816414
-0.00457868,0.8496416,-0.09522205
0.004232436,0.8543559,-0.09271042
0.01263022,0.8598493,-0.08869645
0.01982911,0.8658271,-0.08396973
0.02736799,0.8727878,-0.07932195
0.0358668,0.8796521,-0.0759666
0.04166985,0.8874378,-0.07241896
0.04633328,0.8990341,-0.06870069
0.05024098,0.9101244,-0.06515618
0.05514847,0.9236599,-0.06078792
0.06088774,0.9355474,-0.05693531
0.06808363,0.9491459,-0.05262969
0.07460462,0.9614194,-0.0488932
0.08274584,0.9758028,-0.04480591
0.09079318,0.9883564,-0.04098602
0.09862953,1.002205,-0.03691365
0.104071,1.014795,-0.03404406
0.1077838,1.027918,-0.0303558
0.1111558,1.041052,-0.02734332
0.1145178,1.05512,-0.02350979
0.117902,1.065134,-0.01573899
0.119874,1.072052,-0.005904242
0.1191639,1.077271,0.005201057
0.1178837,1.080043,0.01532818
0.1174398,1.080631,0.0210899
0.1167964,1.080976,0.02653591
0.1157397,1.081046,0.03254364
0.1151504,1.080733,0.03700945
0.1135388,1.079059,0.04255988
0.1123382,1.077454,0.04603852
0.1109786,1.075501,0.04897474
0.1091199,1.072995,0.05200724
0.1068037,1.069603,0.05451636
0.1045381,1.065306,0.05657922
0.1023735,1.061446,0.05774359
0.09972645,1.05662,0.05830733
0.09771472,1.050935,0.05794398
0.09644357,1.045387,0.05703451
0.09557682,1.041115,0.0558634
0.09482443,1.036278,0.05464609
0.09397899,1.030522,0.05304419
0.09304266,1.024518,0.0517842
0.0921319,1.018125,0.05031697
0.09076461,1.01189,0.04853886
0.09006466,1.005524,0.04648726
0.08935827,0.9993454,0.04404484
0.08868822,0.9937239,0.04213415
0.08801045,0.988494,0.04028849
0.08712076,0.9817324,0.0378439
0.0867456,0.9758047,0.03407882
0.08533947,0.9713809,0.03108513
0.08412816,0.967091,0.02732824
0.08291563,0.9628356,0.02284668
0.08164218,0.9577087,0.01714303
0.08182053,0.9542645,0.01160593
0.08212247,0.9503313,0.005559683
0.08227365,0.9466652,-0.0002397895
0.08298089,0.9424358,-0.007954791
0.08329277,0.9386616,-0.01449224
0.08324891,0.9353474,-0.02117851
0.08322422,0.9317921,-0.02834147
0.08289233,0.9278939,-0.03617056
0.08260968,0.9236682,-0.04451779
0.08289972,0.9200376,-0.05092433
0.08306383,0.916128,-0.05711965
0.08299261,0.9120077,-0.06175281
0.08336501,0.9068549,-0.06717338
0.0837854,0.9019373,-0.07052188
0.08398558,0.8969155,-0.0736884
0.0842118,0.8918102,-0.07676031
0.0844657,0.8848115,-0.07996429
0.08479317,0.8776658,-0.08238946
0.08545287,0.8699837,-0.08526429
0.08606033,0.8634453,-0.0875729
0.08632752,0.8567794,-0.08987761
0.08645795,0.8503621,-0.0907192
0.08603264,0.8421389,-0.09292762
0.08536366,0.834034,-0.09613202
0.08821562,0.8295777,-0.09298207
0.08909705,0.8214877,-0.09300229
0.09020527,0.8123165,-0.09293011
0.0911568,0.8033946,-0.09285666
0.09189549,0.794329,-0.09254786
0.09212725,0.7845699,-0.09197954
0.09187429,0.7738581,-0.09058465
0.0912412,0.7626997,-0.08918364
0.09029391,0.7550572,-0.08802947
0.08976965,0.7462755,-0.08699702
0.08927073,0.7376319,-0.08616716
0.08864914,0.7294312,-0.08548222
0.08799271,0.7213321,-0.08488137
0.08713408,0.7140213,-0.08394286
0.08616191,0.7071492,-0.08314143
0.08480911,0.6990101,-0.08251581
0.08414219,0.6921697,-0.0818829
0.08288816,0.6858516,-0.08120361
0.08128218,0.6792355,-0.08020505
0.07952319,0.6718805,-0.07930502
0.07841672,0.6651168,-0.07839926
0.07742815,0.6572791,-0.07665797
0.07694457,0.6518114,-0.07515568
0.07650325,0.6443734,-0.07374854
0.07549466,0.6361925,-0.07240811
0.07415114,0.6284497,-0.07095529
0.07284679,0.6215259,-0.06962878
0.07144862,0.6137611,-0.06842367
0.06972188,0.6041874,-0.06625529
0.06852858,0.5957254,-0.06449185
0.06712626,0.5881928,-0.06334379
0.06639564,0.5799125,-0.06166984
0.06539612,0.571207,-0.05993313
0.06537625,0.5619164,-0.05995426
0.06495374,0.5541959,-0.06030259
0.06452341,0.5479892,-0.06017745
0.06367953,0.5420064,-0.0584444
0.06376658,0.5366789,-0.05841504
0.06414869,0.5310594,-0.05675702
0.0643702,0.5260363,-0.05644087
0.06493787,0.5208936,-0.05540407
0.06503265,0.5161036,-0.05403587
0.06524473,0.5117626,-0.05426933
0.06601742,0.5077583,-0.0541396
0.06672743,0.5058162,-0.05418181
0.06769732,0.5036515,-0.05385338
0.06890118,0.5016904,-0.05394249
0.0708721,0.5012901,-0.054929
0.07180142,0.5012852,-0.05514812
0.07294375,0.5017174,-0.05616927
0.074671,0.5023741,-0.05718364
0.07538198,0.5043229,-0.0576569
0.07643881,0.506235,-0.05804652
0.07713391,0.5081863,-0.05827798
0.07721074,0.5103945,-0.05887432
0.07698315,0.5116965,-0.05889767
0.07618678,0.5121657,-0.0583591
0.07554747,0.5124558,-0.05797955
0.07476088,0.5123706,-0.05813186
0.07395372,0.5121902,-0.05731903
0.07303374,0.5107239,-0.05639236
0.0714951,0.5098143,-0.05624549
0.07025933,0.5088229,-0.05606101
0.06951515,0.5080569,-0.05586347
0.06853887,0.5075682,-0.05591179
0.06772286,0.5073756,-0.05609325
0.06692117,0.5071859,-0.05641481
0.06617351,0.5068675,-0.0568061
0.06543677,0.5066347,-0.05727832
0.06537026,0.5062308,-0.05815704
0.06521165,0.5060049,-0.05845617
0.06509036,0.5056726,-0.05877116
0.06468146,0.5055892,-0.05920996
0.06454995,0.5058457,-0.059793
0.06428382,0.5057149,-0.06060605
0.0641693,0.5058469,-0.06215622
0.06394567,0.5054427,-0.0641565
0.06340991,0.5049287,-0.06652537
0.06286354,0.5044832,-0.06830417
0.06223707,0.5038189,-0.07014923
0.06082241,0.5024904,-0.07204656
0.05926865,0.5028789,-0.07434954
0.05781436,0.5031824,-0.07573604
0.05683589,0.5032975,-0.07726726
0.05633038,0.5025754,-0.07786921
0.05538692,0.5021621,-0.07839929
0.05486271,0.5030771,-0.0795909
0.05470517,0.5026967,-0.0810013
0.05395798,0.5024868,-0.08247934
0.05343346,0.5016569,-0.08391058
0.05293994,0.5016514,-0.08585694
0.0526471,0.5005048,-0.08687361
0.05234845,0.499286,-0.08823846
0.05207175,0.4992689,-0.08947887
0.05136704,0.4982631,-0.09083157
0.05130413,0.4979486,-0.09078242
0.05137444,0.4984955,-0.09150898
0.05112734,0.4988673,-0.0928098
0.05031832,0.4998898,-0.09345358
0.04884616,0.4995437,-0.09448888
0.04827374,0.4999887,-0.09522555
0.04722901,0.4993646,-0.09609094
0.04673293,0.4988866,-0.09693164
0.04577075,0.4980441,-0.09717888
0.04534703,0.49823,-0.09823081
0.04487044,0.4980593,-0.09893753
0.04419398,0.4973547,-0.09995572
0.04433081,0.4968943,-0.1015084
0.04485026,0.4968053,-0.1023806
0.04516791,0.4968868,-0.1030304
0.04531579,0.4960232,-0.1035577
0.04648575,0.495746,-0.1046407
0.04680167,0.4955774,-0.1051475
0.04667501,0.4951299,-0.1055298
0.04584242,0.495447,-0.1051753
0.04734318,0.4953797,-0.1064915
0.04707149,0.4959782,-0.1073774
0.04583637,0.4957282,-0.1082664
0.04444896,0.4954774,-0.1096861
0.04280925,0.4947931,-0.1108181
0.04024921,0.494076,-0.1111798
0.03841323,0.4931775,-0.1120862
0.03658666,0.492466,-0.1128136
0.03521119,0.4912219,-0.1137671
0.03390732,0.4894587,-0.1144846
0.03276052,0.4875889,-0.1153292
0.0318912,0.4858557,-0.1159777
0.0307122,0.484723,-0.116639
0.0299689,0.4843004,-0.1165383
0.02883923,0.4841345,-0.1168406
0.02768551,0.483427,-0.1183777
0.0267645,0.4826517,-0.1199321
0.02613977,0.4824657,-0.1205293
0.02495167,0.4828412,-0.121022
0.0241221,0.483342,-0.1215214
0.02355486,0.4834726,-0.1218334
0.02287994,0.4833429,-0.1231409
0.02164832,0.4827566,-0.1242618
0.02102871,0.4827014,-0.1250338
0.02051722,0.482436,-0.1257546
0.02060109,0.4820119,-0.1267249
0.0204291,0.4809737,-0.1270003
0.0202723,0.4804254,-0.1277682
0.0206659,0.4799917,-0.1277048
0.02096575,0.4793372,-0.1278212
0.0215804,0.4785174,-0.1271452
0.02193324,0.4777591,-0.1269904
0.02257828,0.4775155,-0.1265658
0.02304427,0.4773356,-0.1264652
0.02310996,0.4769801,-0.1261333
0.02296902,0.4765106,-0.1261528
0.02268414,0.4767008,-0.1265516
0.02213673,0.4768935,-0.12665
0.0218237,0.4771287,-0.1267021
0.02176036,0.4769453,-0.1266933
0.02133057,0.4773775,-0.1268656
0.02129692,0.4780113,-0.1268512
0.02156882,0.4779779,-0.1265392
0.02146417,0.4781423,-0.1262008
0.02160197,0.4783214,-0.1260665
0.02169695,0.4784203,-0.1259012
0.02176422,0.4784799,-0.1256464
0.02121377,0.4781358,-0.1254908
0.02055246,0.4770378,-0.125488
0.01952504,0.4759533,-0.1252549
0.01807837,0.4741985,-0.1251073
0.01707968,0.4704726,-0.1238498
0.01644501,0.4662268,-0.1221804
0.01584432,0.4602188,-0.1203667
0.01489262,0.4521266,-0.1180158
0.0129585,0.4391832,-0.1156701
0.01109105,0.4253518,-0.1139341
0.009543881,0.4079674,-0.1127287
0.007035628,0.3930362,-0.1126775
0.00518401,0.3768793,-0.1144235
0.002692267,0.3603179,-0.1168821
0.0009889603,0.344728,-0.1190754
-0.0009873658,0.3288642,-0.1225676
-0.001446038,0.3170027,-0.1252876
0.0008044094,0.2395341,-0.1571812
-0.001154378,0.2352321,-0.1599086
-0.000220865,0.2284971,-0.1642169
0.0008182824,0.2291912,-0.1670585
0.002460942,0.2312198,-0.1679109
0.004777297,0.2305041,-0.1695194
0.002206787,0.2276297,-0.1727098
0.001809359,0.2299941,-0.1737879
0.001336813,0.2294753,-0.1764033
-0.0001308173,0.2281992,-0.1778366
-0.0003477931,0.2275354,-0.1804546
-0.002595454,0.2294503,-0.1797614
-0.00814651,0.2357656,-0.1785445
-0.01187593,0.2379261,-0.1765776
-0.01310025,0.231092,-0.1802502
-0.01509356,0.2293733,-0.1764509
-0.01509356,0.2293733,-0.1764509
-0.01509356,0.2293733,-0.1764509
-0.01509356,0.2293733,-0.1764509
-0.01509356,0.2293733,-0.1764509
-0.01509356,0.2293733,-0.1764509
-0.01509356,0.2293733,-0.1764509
-0.01509356,0.2293733,-0.1764509
-0.01509356,0.2293733,-0.1764509
-0.01509356,0.2293733,-0.1764509
-0.01509356,0.2293733,-0.1764509
-0.01509356,0.2293733,-0.1764509
-0.01509356,0.2293733,-0.1764509
-0.01509356,0.2293733,-0.1764509
-0.01509356,0.2293733,-0.1764509
-0.01509356,0.2293733,-0.1764509
-0.01509356,0.2293733,-0.1764509
-0.01509356,0.2293733,-0.1764509
-0.01509356,0.2293733,-0.1764509
-0.01509356,0.2293733,-0.1764509
-0.01509356,0.2293733,-0.1764509
-0.01509356,0.2293733,-0.1764509
-0.01509356,0.2293733,-0.1764509
-0.01509356,0.2293733,-0.1764509
-0.01509356,0.2293733,-0.1764509
-0.01509356,0.2293733,-0.1764509
-0.01509356,0.2293733,-0.1764509
-0.01509356,0.2293733,-0.1764509
-0.01509356,0.2293733,-0.1764509
-0.01509356,0.2293733,-0.1764509
-0.01509356,0.2293733,-0.1764509
-0.01509356,0.2293733,-0.1764509
-0.01509356,0.2293733,-0.1764509
-0.01509356,0.2293733,-0.1764509
-0.01509356,0.2293733,-0.1764509
-0.01509356,0.2293733,-0.1764509
-0.01509356,0.2293733,-0.1764509
-0.01509356,0.2293733,-0.1764509
-0.01509356,0.2293733,-0.1764509
-0.01509356,0.2293733,-0.1764509
-0.01509356,0.2293733,-0.1764509
-0.01509356,0.2293733,-0.1764509
-0.01509356,0.2293733,-0.1764509
-0.01509356,0.2293733,-0.1764509
-0.01509356,0.2293733,-0.1764509
-0.01509356,0.2293733,-0.1764509
-0.01509356,0.2293733,-0.1764509
-0.01509356,0.2293733,-0.1764509
-0.01509356,0.2293733,-0.1764509
-0.01509356,0.2293733,-0.1764509
-0.01509356,0.2293733,-0.1764509
-0.01509356,0.2293733,-0.1764509
-0.01509356,0.2293733,-0.1764509
-0.01509356,0.2293733,-0.1764509
-0.01509356,0.2293733,-0.1764509
-0.01509356,0.2293733,-0.1764509
-0.01509356,0.2293733,-0.1764509
-0.01509356,0.2293733,-0.1764509
-0.01509356,0.2293733,-0.1764509
-0.01509356,0.2293733,-0.1764509
-0.01509356,0.2293733,-0.1764509
-0.01509356,0.2293733,-0.1764509
-0.01509356,0.2293733,-0.1764509
-0.01509356,0.2293733,-0.1764509
-0.01509356,0.2293733,-0.1764509
-0.01509356,0.2293733,-0.1764509
-0.01509356,0.2293733,-0.1764509
-0.01509356,0.2293733,-0.1764509
-0.01509356,0.2293733,-0.1764509
-0.01509356,0.2293733,-0.1764509
-0.01509356,0.2293733,-0.1764509
-0.01509356,0.2293733,-0.1764509
-0.01509356,0.2293733,-0.1764509
-0.01509356,0.2293733,-0.1764509
-0.01509356,0.2293733,-0.1764509
-0.01509356,0.2293733,-0.1764509
-0.01509356,0.2293733,-0.1764509
-0.01509356,0.2293733,-0.1764509
-0.01509356,0.2293733,-0.1764509
-0.01509356,0.2293733,-0.1764509
-0.01509356,0.2293733,-0.1764509
-0.01509356,0.2293733,-0.1764509
-0.01509356,0.2293733,-0.1764509
-0.01509356,0.2293733,-0.1764509
-0.01509356,0.2293733,-0.1764509
-0.01509356,0.2293733,-0.1764509
-0.01509356,0.2293733,-0.1764509
-0.01509356,0.2293733,-0.1764509
-0.01509356,0.2293733,-0.1764509
-0.01509356,0.2293733,-0.1764509
-0.01509356,0.2293733,-0.1764509
-0.01509356,0.2293733,-0.1764509
-0.01509356,0.2293733,-0.1764509
-0.01509356,0.2293733,-0.1764509
-0.01509356,0.2293733,-0.1764509
-0.01509356,0.2293733,-0.1764509
-0.01509356,0.2293733,-0.1764509
-0.01509356,0.2293733,-0.1764509
-0.01509356,0.2293733,-0.1764509
-0.01509356,0.2293733,-0.1764509
-0.01509356,0.2293733,-0.1764509
-0.01509356,0.2293733,-0.1764509
-0.01509356,0.2293733,-0.1764509
-0.01509356,0.2293733,-0.1764509
-0.01509356,0.2293733,-0.1764509
-0.01509356,0.2293733,-0.1764509
-0.01509356,0.2293733,-0.1764509
-0.01509356,0.2293733,-0.1764509
-0.01509356,0.2293733,-0.1764509
-0.01509356,0.2293733,-0.1764509
-0.01509356,0.2293733,-0.1764509
-0.01509356,0.2293733,-0.1764509
-0.01509356,0.2293733,-0.1764509
-0.01509356,0.2293733,-0.1764509
-0.01509356,0.2293733,-0.1764509
-0.01509356,0.2293733,-0.1764509
-0.01509356,0.2293733,-0.1764509
-0.01509356,0.2293733,-0.1764509
-0.01509356,0.2293733,-0.1764509
-0.01509356,0.2293733,-0.1764509
-0.01509356,0.2293733,-0.1764509
-0.01509356,0.2293733,-0.1764509
-0.01509356,0.2293733,-0.1764509
-0.01509356,0.2293733,-0.1764509
-0.01509356,0.2293733,-0.1764509
-0.01509356,0.2293733,-0.1764509
-0.01509356,0.2293733,-0.1764509
-0.01509356,0.2293733,-0.1764509
-0.01509356,0.2293733,-0.1764509
-0.01509356,0.2293733,-0.1764509
-0.01509356,0.2293733,-0.1764509
-0.01509356,0.2293733,-0.1764509
-0.01509356,0.2293733,-0.1764509
-0.01509356,0.2293733,-0.1764509
-0.01509356,0.2293733,-0.1764509
-0.01509356,0.2293733,-0.1764509
-0.01509356,0.2293733,-0.1764509
-0.01509356,0.2293733,-0.1764509
-0.01509356,0.2293733,-0.1764509
-0.01509356,0.2293733,-0.1764509
-0.01509356,0.2293733,-0.1764509
-0.01509356,0.2293733,-0.1764509
-0.01509356,0.2293733,-0.1764509
-0.01509356,0.2293733,-0.1764509
-0.01509356,0.2293733,-0.1764509
-0.01509356,0.2293733,-0.1764509
-0.01509356,0.2293733,-0.1764509
-0.01509356,0.2293733,-0.1764509
-0.01509356,0.2293733,-0.1764509
-0.01509356,0.2293733,-0.1764509
-0.01509356,0.2293733,-0.1764509
-0.01509356,0.2293733,-0.1764509
-0.01509356,0.2293733,-0.1764509
-0.01509356,0.2293733,-0.1764509
-0.01509356,0.2293733,-0.1764509
-0.01509356,0.2293733,-0.1764509
-0.01509356,0.2293733,-0.1764509
-0.01509356,0.2293733,-0.1764509
-0.01509356,0.2293733,-0.1764509
-0.01509356,0.2293733,-0.1764509
-0.01509356,0.2293733,-0.1764509
-0.01509356,0.2293733,-0.1764509
-0.01509356,0.2293733,-0.1764509
-0.01509356,0.2293733,-0.1764509
-0.01509356,0.2293733,-0.1764509
-0.01509356,0.2293733,-0.1764509
-0.01509356,0.2293733,-0.1764509
-0.01509356,0.2293733,-0.1764509
-0.01509356,0.2293733,-0.1764509
-0.01509356,0.2293733,-0.1764509
-0.01509356,0.2293733,-0.1764509
-0.01509356,0.2293733,-0.1764509
-0.01509356,0.2293733,-0.1764509
-0.01509356,0.2293733,-0.1764509
-0.01509356,0.2293733,-0.1764509
-0.01509356,0.2293733,-0.1764509
-0.01509356,0.2293733,-0.1764509
-0.01509356,0.2293733,-0.1764509
-0.01509356,0.2293733,-0.1764509
-0.01509356,0.2293733,-0.1764509
-0.01509356,0.2293733,-0.1764509
-0.01509356,0.2293733,-0.1764509
-0.01509356,0.2293733,-0.1764509
-0.01509356,0.2293733,-0.1764509
-0.01509356,0.2293733,-0.1764509
-0.01509356,0.2293733,-0.1764509
-0.01509356,0.2293733,-0.1764509
-0.01509356,0.2293733,-0.1764509
-0.01509356,0.2293733,-0.1764509
-0.01509356,0.2293733,-0.1764509
-0.01509356,0.2293733,-0.1764509
-0.01509356,0.2293733,-0.1764509
-0.01509356,0.2293733,-0.1764509
-0.01509356,0.2293733,-0.1764509
-0.01509356,0.2293733,-0.1764509
-0.01509356,0.2293733,-0.1764509
-0.01509356,0.2293733,-0.1764509
-0.01509356,0.2293733,-0.1764509
-0.01509356,0.2293733,-0.1764509
-0.01509356,0.2293733,-0.1764509
-0.01509356,0.2293733,-0.1764509
-0.01509356,0.2293733,-0.1764509
-0.01509356,0.2293733,-0.1764509
-0.01509356,0.2293733,-0.1764509
-0.01509356,0.2293733,-0.1764509
-0.01509356,0.2293733,-0.1764509
-0.01509356,0.2293733,-0.1764509
-0.01509356,0.2293733,-0.1764509
-0.01509356,0.2293733,-0.1764509
-0.01509356,0.2293733,-0.1764509
-0.01509356,0.2293733,-0.1764509
-0.01509356,0.2293733,-0.1764509
-0.01509356,0.2293733,-0.1764509
-0.01509356,0.2293733,-0.1764509
-0.01509356,0.2293733,-0.1764509
-0.01509356,0.2293733,-0.1764509
-0.01509356,0.2293733,-0.1764509
-0.01509356,0.2293733,-0.1764509
-0.01509356,0.2293733,-0.1764509
-0.01509356,0.2293733,-0.1764509
-0.01509356,0.2293733,-0.1764509
-0.01509356,0.2293733,-0.1764509
-0.01509356,0.2293733,-0.1764509
-0.01509356,0.2293733,-0.1764509
-0.01509356,0.2293733,-0.1764509
-0.01509356,0.2293733,-0.1764509
-0.01509356,0.2293733,-0.1764509
-0.01509356,0.2293733,-0.1764509
-0.01509356,0.2293733,-0.1764509
-0.01509356,0.2293733,-0.1764509
-0.01509356,0.2293733,-0.1764509
-0.01509356,0.2293733,-0.1764509
-0.01509356,0.2293733,-0.1764509
-0.01509356,0.2293733,-0.1764509
-0.01509356,0.2293733,-0.1764509
-0.01509356,0.2293733,-0.1764509
-0.01509356,0.2293733,-0.1764509
-0.01509356,0.2293733,-0.1764509
-0.01509356,0.2293733,-0.1764509
-0.01509356,0.2293733,-0.1764509
-0.01509356,0.2293733,-0.1764509
-0.01509356,0.2293733,-0.1764509
-0.01509356,0.2293733,-0.1764509
-0.01509356,0.2293733,-0.1764509
-0.01509356,0.2293733,-0.1764509
-0.01509356,0.2293733,-0.1764509
-0.01509356,0.2293733,-0.1764509
-0.01509356,0.2293733,-0.1764509
-0.01509356,0.2293733,-0.1764509
-0.01509356,0.2293733,-0.1764509
-0.01509356,0.2293733,-0.1764509
-0.01509356,0.2293733,-0.1764509
-0.01509356,0.2293733,-0.1764509
-0.01509356,0.2293733,-0.1764509
-0.01509356,0.2293733,-0.1764509
-0.01509356,0.2293733,-0.1764509
-0.01509356,0.2293733,-0.1764509
-0.01509356,0.2293733,-0.1764509
-0.01509356,0.2293733,-0.1764509
-0.01509356,0.2293733,-0.1764509
-0.01509356,0.2293733,-0.1764509
-0.01509356,0.2293733,-0.1764509
-0.01509356,0.2293733,-0.1764509
-0.01509356,0.2293733,-0.1764509
-0.01509356,0.2293733,-0.1764509
-0.01509356,0.2293733,-0.1764509
-0.01509356,0.2293733,-0.1764509
-0.01509356,0.2293733,-0.1764509
-0.01509356,0.2293733,-0.1764509
-0.01509356,0.2293733,-0.1764509
-0.01509356,0.2293733,-0.1764509
-0.01509356,0.2293733,-0.1764509
-0.01509356,0.2293733,-0.1764509
-0.01509356,0.2293733,-0.1764509
-0.01509356,0.2293733,-0.1764509
-0.01509356,0.2293733,-0.1764509
-0.01509356,0.2293733,-0.1764509
-0.01509356,0.2293733,-0.1764509
-0.01509356,0.2293733,-0.1764509
-0.01509356,0.2293733,-0.1764509
-0.01509356,0.2293733,-0.1764509
-0.01509356,0.2293733,-0.1764509
-0.01509356,0.2293733,-0.1764509
-0.01509356,0.2293733,-0.1764509
0.0466418,0.4318686,-0.1104333
0.0381746,0.4079923,-0.0996775
0.01945747,0.3767677,-0.0872546
0.01723637,0.371787,-0.08335027
0.01909527,0.3740047,-0.0806362
0.02219115,0.3804403,-0.07758243
0.02662513,0.3893106,-0.07456775
0.03783762,0.3961994,-0.07068413
0.04391479,0.3959511,-0.06886245
0.04995057,0.3866914,-0.06320997
0.05453879,0.3737527,-0.05766688
0.05772717,0.3634267,-0.05224209
0.06231208,0.353252,-0.04955566
0.06713641,0.3397421,-0.04926924
0.07064889,0.3287756,-0.05025725
0.07605761,0.3162711,-0.05412886
0.08044451,0.3061727,-0.05780067
0.08555095,0.2944962,-0.06315079
0.08816186,0.2835375,-0.067875
0.09003802,0.2694325,-0.07332319
0.09247139,0.2594383,-0.07884288
0.09391125,0.246087,-0.08637673
0.09495118,0.2327028,-0.09239795
0.09602385,0.2161426,-0.1013908
0.09554181,0.2041666,-0.1064965
0.09585312,0.1951508,-0.1138407
0.09900558,0.1892746,-0.1226673
0.1008266,0.1875193,-0.1282877
0.1020173,0.1839099,-0.1336743
0.1035845,0.179287,-0.1377625
0.10559,0.1710135,-0.1424279
0.1076183,0.1648304,-0.1464747
0.1110639,0.159335,-0.1499361
0.1154084,0.1550092,-0.1510852
0.118851,0.1515113,-0.1535589
0.1225945,0.1552269,-0.1546296
0.1242145,0.1569849,-0.1519365
0.1263994,0.1641453,-0.1478966
0.12615,0.1711567,-0.14229
0.1251989,0.1806414,-0.1347715
0.1230321,0.191587,-0.1267775
0.1195001,0.2086442,-0.1185385
0.1183071,0.2306387,-0.1118952
0.1184032,0.2638493,-0.1035712
0.1198938,0.3000857,-0.09636173
0.1254386,0.3427377,-0.08990107
0.1279944,0.3779848,-0.08579347
0.1288354,0.414028,-0.08253976
0.1280987,0.4426731,-0.08093309
0.1264627,0.4704787,-0.07596372
0.1204236,0.5013542,-0.07392503
0.1145468,0.5350959,-0.07355863
0.1094909,0.5618383,-0.0707712
0.106522,0.581622,-0.06823003
0.1060716,0.6004517,-0.06549101
0.1099156,0.6154943,-0.06200227
0.1170436,0.628534,-0.05902368
0.1240757,0.6377414,-0.05476817
0.1317991,0.647024,-0.04964106
0.139096,0.6535984,-0.04497963
0.1466556,0.6585789,-0.04008929
0.1537511,0.6627082,-0.03610851
0.1597878,0.6656119,-0.0319704
0.1661713,0.6698394,-0.02936016
0.1720572,0.6737702,-0.02678424
0.1777751,0.6774749,-0.02412406
0.1816717,0.6802595,-0.0219501
0.185697,0.6828321,-0.01963659
0.1886973,0.6849692,-0.01781638
0.1923243,0.6873768,-0.01603876
0.1948733,0.6890052,-0.01460619
0.1972396,0.6903241,-0.01333918
0.1990571,0.6911176,-0.01258084
0.2009211,0.6919666,-0.01221372
0.2026301,0.6928261,-0.01145887
0.2039159,0.69376,-0.01106189
0.2040527,0.6936323,-0.009799793
0.2037183,0.6934596,-0.008886442
0.2031661,0.6932407,-0.007861584
0.2025438,0.6931339,-0.006962061
0.2017772,0.6934344,-0.006512895
0.2018572,0.6938778,-0.006304041
0.2020832,0.6944743,-0.005967155
0.2018132,0.6947818,-0.005496353
0.2015545,0.6950764,-0.005191028
0.2013434,0.6946449,-0.004655972
0.201151,0.6940385,-0.004184082
0.2010638,0.693276,-0.003909156
0.201143,0.6929742,-0.003579125
0.2010548,0.6928263,-0.0029324
0.2008311,0.6926789,-0.002256319
0.2006553,0.6921795,-0.001434311
0.2001748,0.691732,-0.0008142889
0.2002522,0.6916869,-0.0005916357
0.2004032,0.6918401,-1.971424E-05
0.2002913,0.6914876,0.0003084242
0.2000142,0.6915196,0.0006563216
0.1999513,0.6915782,0.0009454489
0.2001586,0.6914831,0.001227722
0.1999343,0.6915742,0.001332402
0.199904,0.6911393,0.001434416
0.1999908,0.6905587,0.001488224
0.1998687,0.690192,0.002002597
0.1995689,0.6900817,0.002406076
0.1994695,0.6898894,0.002882719
0.1996159,0.6894343,0.003251299
0.1994938,0.6892858,0.003694147
0.199609,0.6891425,0.003940403
0.2000717,0.6893099,0.004377693
0.2003081,0.6892594,0.004634917
0.2005713,0.6890021,0.005100936
0.2007553,0.6886519,0.005447075
0.2011536,0.6880736,0.005897328
0.2013612,0.6876341,0.006304473
0.2013947,0.6873298,0.006866604
0.201474,0.687115,0.007225558
0.2014718,0.6868735,0.006795168
0.2015569,0.6865104,0.006345794
0.2010752,0.6859116,0.005952209
0.2002269,0.6853164,0.005628809
0.1998711,0.6852532,0.005181566
0.1997153,0.6856385,0.004590109
0.1995986,0.6859971,0.004193917
0.1994875,0.6863733,0.00376685
0.199423,0.6866356,0.003559664
0.199416,0.686747,0.003615245
0.1991,0.686821,0.003458604
0.1986499,0.6871033,0.00302887
0.1986212,0.6874054,0.002395481
0.1984856,0.6874593,0.002025366
0.1983447,0.6874945,0.001876667
0.1980936,0.6874164,0.001820639
0.1981212,0.6872633,0.00154458
0.1980773,0.6872025,0.001122952
0.1981429,0.6872897,0.0007821321
0.1983022,0.6874312,0.0002129972
0.1982545,0.6873614,-0.0003057718
0.1983409,0.6873906,-0.0007820576
0.198535,0.6875001,-0.001251161
0.1987513,0.6875773,-0.001827553
0.1988975,0.6875826,-0.002191156
0.1990502,0.6877204,-0.002642006
0.1991567,0.6876835,-0.002993181
0.1992441,0.6877649,-0.003346696
0.1992984,0.6877738,-0.00370419
