0.07265352,0.8077081,-0.0925788
0.07279411,0.8075438,-0.09210499
0.07293786,0.8075173,-0.09125413
0.07305452,0.8075953,-0.08994237
0.07307488,0.8075975,-0.08893684
0.07317814,0.8076951,-0.08753295
0.07339427,0.8078209,-0.08620698
0.07340328,0.808071,-0.08503816
0.07332042,0.8083547,-0.08363362
0.07320823,0.8085801,-0.08195923
0.07278803,0.8085292,-0.07973993
0.0717961,0.807889,-0.0764832
0.07099538,0.8072081,-0.07340549
0.07005511,0.8061233,-0.0697334
0.06911781,0.8041037,-0.06543507
0.0680016,0.8019369,-0.06124447
0.06669511,0.798673,-0.05637154
0.06550209,0.7954064,-0.05195525
0.06468995,0.7917667,-0.04712209
0.06348133,0.7878554,-0.04204212
0.06200135,0.7835479,-0.03672948
0.06062876,0.7785669,-0.03010429
0.0592822,0.7734848,-0.0241295
0.05765085,0.7659701,-0.01622526
0.05635042,0.7588324,-0.009211406
0.05496608,0.7517369,-0.002771333
0.05379298,0.7455285,0.003415599
0.05297725,0.7416957,0.007672071
0.0523667,0.7385874,0.01176666
0.05228432,0.736847,0.01467614
0.05233476,0.7357402,0.0167198
0.05255805,0.7355595,0.01797937
0.05262202,0.736569,0.01864417
0.05228758,0.739327,0.01866074
0.05208261,0.7443514,0.01812191
0.05262761,0.7497643,0.01660751
0.05404629,0.7568758,0.01425315
0.05617748,0.7644673,0.01143841
0.05827071,0.7718568,0.008461967
0.06037991,0.7793466,0.005696237
0.06322105,0.7868703,0.003033265
0.06609304,0.793629,0.0004045516
0.06960082,0.8008233,-0.00184007
0.07227406,0.8062256,-0.003459737
0.07470459,0.8112291,-0.005022392
0.07754299,0.8164335,-0.006902069
0.08047463,0.8209494,-0.008889481
0.08292052,0.8242254,-0.01073337
0.08532625,0.8274074,-0.013201
0.08676921,0.8295389,-0.01510054
0.08847354,0.831463,-0.01713033
0.08966756,0.8326469,-0.01846674
0.09104209,0.8338638,-0.01995488
0.09225136,0.834851,-0.02119891
0.09331238,0.8358927,-0.02290809
0.09476092,0.8367675,-0.02568403
0.09603904,0.8372405,-0.02849355
0.09778669,0.8375338,-0.03234966
0.09902801,0.8374978,-0.03570509
0.1026478,0.8378714,-0.04836796
0.1033208,0.8370302,-0.05296296
0.1036499,0.8336405,-0.05999003
0.1039711,0.8318463,-0.06387465
0.1039091,0.8303885,-0.06674619
0.1037582,0.8289528,-0.06907727
0.1035105,0.8277159,-0.07093115
0.1033358,0.8267023,-0.07241438
0.103221,0.8254071,-0.07414599
0.1033143,0.8246674,-0.07538406
0.1031987,0.8238316,-0.07620689
0.1028532,0.8225473,-0.07675726
0.1024186,0.8212391,-0.07704638
0.1017719,0.8197363,-0.07730782
0.1010968,0.8186129,-0.07764818
0.1004836,0.8179536,-0.07784777
0.09982412,0.8174308,-0.07803611
0.09938627,0.8172678,-0.07820832
0.09908622,0.8172885,-0.0784386
0.09886718,0.8173485,-0.07864795
0.09860861,0.8173411,-0.07874023
0.09834451,0.8173938,-0.07882343
0.09819185,0.8174642,-0.07881278
0.09798983,0.8176211,-0.07866344
0.0977374,0.8179374,-0.07859042
0.09757087,0.8182433,-0.07862994
0.09738036,0.8184175,-0.07858397
0.0972556,0.8185535,-0.0785653
0.0969974,0.8187577,-0.07839863
0.0968756,0.8188348,-0.07833941
0.09670865,0.8189853,-0.07822838
0.09651839,0.8190617,-0.07801741
0.09642658,0.8190506,-0.07779721
8.607277,0.8190464,0.8915358
8.607112,0.8191923,0.8917952
8.60704,0.8193615,0.8919861
8.607032,0.819746,0.8921776
8.607109,0.8202842,0.8924056
8.607086,0.8210265,0.8927585
8.607117,0.8216308,0.8932531
8.607155,0.8219023,0.8939508
8.606939,0.821992,0.8950434
8.606531,0.8219876,0.8965856
8.605992,0.8222666,0.8989464
8.605172,0.8223076,0.9021422
8.604268,0.8223515,0.9054669
8.603033,0.8229898,0.9098552
8.601862,0.8237099,0.9145689
8.600308,0.824293,0.9208013
8.598306,0.8241389,0.9279111
8.596468,0.823341,0.9350631
8.59479,0.8211976,0.9408441
8.593428,0.8180934,0.9458622
8.591794,0.8142446,0.9508412
8.589675,0.8095604,0.9551703
8.587736,0.8042428,0.9600907
8.585041,0.7967835,0.9640156
8.582953,0.7891749,0.9671792
8.579978,0.7791017,0.970835
8.577012,0.767489,0.973734
8.574801,0.7534598,0.9763117
8.573007,0.7375618,0.9775171
8.572404,0.7221728,0.9770968
8.571913,0.7039734,0.9751809
8.571436,0.6877123,0.9714507
8.571978,0.6712468,0.9668778
8.572504,0.6545361,0.9614263
8.574074,0.6397293,0.9547251
8.576626,0.6238787,0.947165
8.578657,0.6101253,0.9418524
8.58161,0.5980486,0.934994
8.585003,0.5861585,0.9281929
8.588654,0.5754991,0.9230071
8.590628,0.5672347,0.917408
8.591493,0.5593443,0.9124442
8.591441,0.5515364,0.9084984
8.591138,0.5423926,0.9044582
8.591125,0.5343384,0.902367
8.591806,0.5280289,0.9008793
8.593124,0.5200365,0.8973898
8.594252,0.510913,0.8940029
8.595679,0.502285,0.891436
8.59783,0.4916179,0.887677
8.600103,0.4821455,0.8847835
8.603167,0.4701672,0.8812501
8.606689,0.4603477,0.8775352
8.611506,0.4506754,0.8731735
8.615344,0.4439512,0.8701988
8.61903,0.4376487,0.8672338
8.62212,0.4312112,0.8662918
8.624054,0.4256588,0.865689
8.625067,0.421348,0.8640344
8.625366,0.4178969,0.8638344
8.626324,0.4147314,0.8639787
8.626616,0.4127158,0.8633516
8.626913,0.4104887,0.8633097
8.628629,0.4092246,0.864015
8.630157,0.4086197,0.8638559
8.630965,0.4078303,0.8634273
8.631803,0.4055811,0.8642284
8.633381,0.4021335,0.8672024
8.635605,0.3982584,0.8707719
8.636959,0.3940719,0.8725148
8.63822,0.3895363,0.8728212
8.639328,0.3856274,0.8737934
8.642954,0.3786533,0.8771533
8.646738,0.3710725,0.8802794
8.651745,0.3631313,0.8834201
8.660309,0.3557766,0.8872804
8.669971,0.3495941,0.8929824
8.67935,0.3421716,0.8970923
8.688031,0.3351439,0.9015864
8.694604,0.3295704,0.9050686
8.694604,0.3295704,0.9050686
8.694604,0.3295704,0.9050686
8.694604,0.3295704,0.9050686
8.694604,0.3295704,0.9050686
8.694604,0.3295704,0.9050686
8.694604,0.3295704,0.9050686
8.694604,0.3295704,0.9050686
8.694604,0.3295704,0.9050686
8.694604,0.3295704,0.9050686
8.694604,0.3295704,0.9050686
8.694604,0.3295704,0.9050686
8.694604,0.3295704,0.9050686
8.694604,0.3295704,0.9050686
8.694604,0.3295704,0.9050686
8.694604,0.3295704,0.9050686
8.694604,0.3295704,0.9050686
8.694604,0.3295704,0.9050686
8.694604,0.3295704,0.9050686
8.694604,0.3295704,0.9050686
8.694604,0.3295704,0.9050686
8.694604,0.3295704,0.9050686
8.694604,0.3295704,0.9050686
8.694604,0.3295704,0.9050686
8.694604,0.3295704,0.9050686
8.694604,0.3295704,0.9050686
8.694604,0.3295704,0.9050686
8.694604,0.3295704,0.9050686
8.694604,0.3295704,0.9050686
8.694604,0.3295704,0.9050686
8.694604,0.3295704,0.9050686
8.694604,0.3295704,0.9050686
8.694604,0.3295704,0.9050686
8.694604,0.3295704,0.9050686
8.694604,0.3295704,0.9050686
8.694604,0.3295704,0.9050686
8.694604,0.3295704,0.9050686
8.694604,0.3295704,0.9050686
8.694604,0.3295704,0.9050686
8.694604,0.3295704,0.9050686
8.694604,0.3295704,0.9050686
8.694604,0.3295704,0.9050686
8.694604,0.3295704,0.9050686
8.694604,0.3295704,0.9050686
8.694604,0.3295704,0.9050686
8.694604,0.3295704,0.9050686
8.694604,0.3295704,0.9050686
8.694604,0.3295704,0.9050686
8.694604,0.3295704,0.9050686
8.694604,0.3295704,0.9050686
8.694604,0.3295704,0.9050686
8.694604,0.3295704,0.9050686
8.694604,0.3295704,0.9050686
8.694604,0.3295704,0.9050686
8.694604,0.3295704,0.9050686
8.694604,0.3295704,0.9050686
8.694604,0.3295704,0.9050686
8.694604,0.3295704,0.9050686
8.694604,0.3295704,0.9050686
8.694604,0.3295704,0.9050686
8.694604,0.3295704,0.9050686
8.694604,0.3295704,0.9050686
8.694604,0.3295704,0.9050686
8.694604,0.3295704,0.9050686
8.694604,0.3295704,0.9050686
8.694604,0.3295704,0.9050686
8.694604,0.3295704,0.9050686
8.694604,0.3295704,0.9050686
8.694604,0.3295704,0.9050686
8.694604,0.3295704,0.9050686
8.694604,0.3295704,0.9050686
8.694604,0.3295704,0.9050686
8.694604,0.3295704,0.9050686
8.694604,0.3295704,0.9050686
8.694604,0.3295704,0.9050686
8.694604,0.3295704,0.9050686
8.694604,0.3295704,0.9050686
8.694604,0.3295704,0.9050686
8.694604,0.3295704,0.9050686
8.694604,0.3295704,0.9050686
8.694604,0.3295704,0.9050686
8.694604,0.3295704,0.9050686
8.694604,0.3295704,0.9050686
8.694604,0.3295704,0.9050686
8.694604,0.3295704,0.9050686
8.694604,0.3295704,0.9050686
8.694604,0.3295704,0.9050686
8.694604,0.3295704,0.9050686
8.694604,0.3295704,0.9050686
8.694604,0.3295704,0.9050686
8.694604,0.3295704,0.9050686
8.694604,0.3295704,0.9050686
8.694604,0.3295704,0.9050686
8.694604,0.3295704,0.9050686
8.694604,0.3295704,0.9050686
8.694604,0.3295704,0.9050686
8.694604,0.3295704,0.9050686
8.694604,0.3295704,0.9050686
8.694604,0.3295704,0.9050686
8.694604,0.3295704,0.9050686
8.694604,0.3295704,0.9050686
8.694604,0.3295704,0.9050686
8.694604,0.3295704,0.9050686
8.694604,0.3295704,0.9050686
8.694604,0.3295704,0.9050686
8.694604,0.3295704,0.9050686
8.694604,0.3295704,0.9050686
8.694604,0.3295704,0.9050686
8.694604,0.3295704,0.9050686
8.694604,0.3295704,0.9050686
8.694604,0.3295704,0.9050686
8.694604,0.3295704,0.9050686
8.694604,0.3295704,0.9050686
8.694604,0.3295704,0.9050686
8.694604,0.3295704,0.9050686
8.694604,0.3295704,0.9050686
8.694604,0.3295704,0.9050686
8.694604,0.3295704,0.9050686
8.694604,0.3295704,0.9050686
8.694604,0.3295704,0.9050686
8.694604,0.3295704,0.9050686
8.694604,0.3295704,0.9050686
8.694604,0.3295704,0.9050686
8.694604,0.3295704,0.9050686
8.694604,0.3295704,0.9050686
8.694604,0.3295704,0.9050686
8.694604,0.3295704,0.9050686
8.694604,0.3295704,0.9050686
8.694604,0.3295704,0.9050686
8.694604,0.3295704,0.9050686
8.694604,0.3295704,0.9050686
8.694604,0.3295704,0.9050686
8.694604,0.3295704,0.9050686
8.694604,0.3295704,0.9050686
8.694604,0.3295704,0.9050686
8.694604,0.3295704,0.9050686
8.694604,0.3295704,0.9050686
8.694604,0.3295704,0.9050686
8.694604,0.3295704,0.9050686
8.694604,0.3295704,0.9050686
8.694604,0.3295704,0.9050686
8.694604,0.3295704,0.9050686
8.694604,0.3295704,0.9050686
8.694604,0.3295704,0.9050686
8.694604,0.3295704,0.9050686
8.694604,0.3295704,0.9050686
8.694604,0.3295704,0.9050686
8.694604,0.3295704,0.9050686
8.668085,0.4671923,0.7498062
8.662994,0.4866597,0.7404739
8.666321,0.5061239,0.7307137
8.667635,0.5213304,0.7229339
8.669231,0.5338947,0.7172441
8.671528,0.5467322,0.711297
8.672915,0.5571284,0.7058488
8.672873,0.567382,0.6999966
8.673301,0.5764712,0.6949338
8.674176,0.5839453,0.6909727
8.674916,0.5928123,0.6864024
8.674901,0.6043626,0.6805335
8.675272,0.6156892,0.6750103
8.675502,0.6251309,0.6708869
8.675406,0.6343109,0.6667503
8.674985,0.6427512,0.6628343
8.675098,0.6529284,0.6582728
8.675131,0.6602712,0.655139
8.675104,0.6661819,0.6520712
8.675404,0.6716483,0.649557
8.675806,0.6776523,0.6460182
8.675951,0.6827858,0.6424285
8.676258,0.6872044,0.6389902
8.676341,0.6909683,0.6360756
8.676287,0.6946834,0.6332114
8.676978,0.7000259,0.6292468
8.677219,0.7036934,0.6254256
8.677905,0.7070745,0.6217923
8.678944,0.7104618,0.6178861
8.680031,0.7128857,0.6148281
8.682318,0.7151757,0.6116558
8.684715,0.7170363,0.6091323
8.68872,0.7185093,0.606764
8.69247,0.7195784,0.6041526
8.696448,0.7205754,0.6006649
8.700025,0.7214602,0.5975845
8.703882,0.7218841,0.5945965
8.708145,0.7217098,0.5910752
8.712326,0.7218016,0.5873627
8.715651,0.7201083,0.5846526
8.719505,0.7180193,0.5809169
8.723477,0.714598,0.5766878
8.726839,0.7103035,0.5726265
8.729981,0.7043296,0.5696248
8.733056,0.6991242,0.5658333
8.736106,0.6917284,0.560653
8.739738,0.6836243,0.5565111
8.741677,0.6783174,0.5550345
8.744519,0.6727825,0.5532935
8.746891,0.6674727,0.5513778
8.748332,0.6599577,0.5488423
8.749194,0.6534751,0.5471718
8.748956,0.6472731,0.5468308
8.749112,0.6420151,0.5458151
8.749212,0.6347359,0.5442304
8.749084,0.6266457,0.5424139
8.749488,0.6218132,0.5413786
8.749544,0.6178752,0.5404865
8.749406,0.6150052,0.5401826
8.749583,0.6106324,0.5389944
8.748976,0.6076478,0.5383307
8.748435,0.6049628,0.5376462
8.747997,0.6032335,0.5376856
8.747244,0.6019766,0.5380892
8.746555,0.6023943,0.5390083
8.746014,0.6040776,0.5405214
8.745563,0.6056455,0.5416663
8.744864,0.6073033,0.542883
8.743831,0.6091225,0.5439419
8.742952,0.6113684,0.5451813
8.742336,0.6136917,0.5458524
8.741913,0.6158791,0.5463932
8.741376,0.6183397,0.5468127
8.74103,0.6213649,0.5470536
8.74082,0.624906,0.5476093
8.740646,0.6274441,0.547726
8.740464,0.6301011,0.5476283
8.740368,0.6332151,0.5477822
8.740022,0.6370324,0.5481761
8.739894,0.6402529,0.5484593
8.739772,0.6441441,0.5492059
8.739451,0.6484046,0.5501249
8.738961,0.6527067,0.5509637
8.738543,0.6578065,0.5524153
8.738123,0.6634184,0.5537316
8.738207,0.6676839,0.5544493
8.738134,0.6724177,0.5552193
8.738005,0.6768957,0.5554148
8.737844,0.6821943,0.5568864
8.737416,0.6869369,0.5579092
8.736813,0.691267,0.559139
8.736156,0.6957346,0.5605648
8.735225,0.7005028,0.5614368
8.734324,0.7052594,0.5619686
8.733804,0.7082044,0.5622251
8.733136,0.7110935,0.5623224
8.732306,0.7142816,0.5625112
8.731813,0.7171956,0.5628357
8.731165,0.7198933,0.5631203
8.730235,0.7211077,0.5626644
8.729456,0.7220877,0.5625532
8.728823,0.7229328,0.5621744
8.727575,0.7235849,0.5619136
8.726779,0.7239551,0.5617551
8.726025,0.7239795,0.5614118
8.725213,0.7239165,0.5613359
8.724357,0.7234561,0.561318
8.723707,0.7229173,0.561212
8.722939,0.7217367,0.5606737
8.722723,0.7200528,0.5600983
8.722132,0.7183896,0.5596149
8.721988,0.7162181,0.5588076
8.721855,0.7133163,0.5578963
8.721812,0.7103749,0.5564775
8.722043,0.7072993,0.5546291
8.721801,0.7039538,0.551325
8.721574,0.7002767,0.546696
8.720109,0.6972714,0.5390725
8.717388,0.696668,0.5302254
8.71446,0.6962398,0.5242444
8.712328,0.6952611,0.5210483
8.711846,0.6927443,0.5205882
8.714278,0.6868704,0.5229897
8.71729,0.6810418,0.5247732
8.721372,0.6751886,0.5264994
8.725492,0.6699858,0.5265446
8.729712,0.6642008,0.5258486
8.733149,0.6609939,0.5256159
8.738064,0.6575537,0.5245759
8.742808,0.6543428,0.5232472
8.748134,0.6507307,0.5227435
8.754402,0.6459284,0.5237259
8.759946,0.6408049,0.5242289
8.763104,0.6349574,0.5211103
8.766104,0.630946,0.5199497
8.769245,0.6259278,0.5177175
8.772275,0.6219952,0.515771
8.774384,0.6180493,0.5141296
8.777193,0.6150651,0.514037
8.778804,0.6127479,0.5137739
8.780712,0.6108763,0.5142887
8.781884,0.6097136,0.5148919
8.7826,0.6094236,0.5159948
8.781932,0.6109255,0.5184354
8.781439,0.6121611,0.5205167
8.780076,0.6139041,0.5222481
8.77865,0.6163123,0.5236717
8.776919,0.6182495,0.5245605
8.775091,0.621725,0.5251965
8.773581,0.6245031,0.5259989
8.77159,0.6279851,0.5270243
8.769311,0.6318366,0.5283346
8.767125,0.6357372,0.5299892
8.765266,0.6394787,0.5312023
8.763857,0.642095,0.5325725
8.762447,0.6445841,0.5336245
8.760928,0.6469235,0.5345398
8.759465,0.6488977,0.5345978
8.757468,0.6508291,0.5345748
8.75538,0.6524566,0.5343361
8.752745,0.6543351,0.5327759
8.749887,0.655969,0.5306839
8.745407,0.657043,0.5265119
8.741875,0.6578813,0.5242538
8.737835,0.6590627,0.5228929
8.73382,0.6606434,0.5222842
8.729987,0.662911,0.5213119
8.726639,0.6655954,0.5217409
8.72368,0.6680756,0.5220554
8.720986,0.6708797,0.5229253
8.718019,0.6734368,0.5240802
8.715466,0.6757043,0.525327
8.712624,0.6779404,0.5263265
8.710391,0.6799336,0.5275416
8.708138,0.6821459,0.528813
8.706527,0.6840294,0.5304635
8.704499,0.6857813,0.5327457
8.702826,0.6874374,0.5355973
8.700422,0.6889246,0.5386767
8.69795,0.6902695,0.5420656
8.694008,0.6927996,0.5462263
8.689891,0.6955326,0.5501097
8.684988,0.6985891,0.5538256
8.67966,0.7026209,0.557734
8.675754,0.7052351,0.5606571
8.671515,0.708828,0.565055
8.667443,0.7124193,0.5700343
8.663036,0.7161828,0.5754788
8.659251,0.7196346,0.5807164
8.65577,0.722899,0.587398
8.652331,0.7272335,0.5956522
8.648679,0.7312551,0.6041328
8.644961,0.7361659,0.6126925
8.639055,0.7465284,0.6307279
8.632791,0.757566,0.6504734
8.628929,0.7643324,0.6615798
8.62527,0.7707025,0.6717975
8.613718,0.7872561,0.6963469
8.606989,0.8008702,0.7156403
8.596886,0.8186231,0.7388248
8.591933,0.8315421,0.7561229
8.588066,0.8469599,0.7770324
8.585442,0.8619495,0.7990561
8.584006,0.8770943,0.821064
8.583316,0.8923653,0.8419901
8.584264,0.9072843,0.8629231
8.585191,0.9195824,0.8796918
8.586069,0.9341395,0.8989918
8.588054,0.9467259,0.9158056
8.590327,0.95799,0.931317
8.59225,0.9688471,0.9465461
8.594108,0.9792047,0.9609475
8.596362,0.9891954,0.9752733
8.600575,0.9979557,0.988228
8.605488,1.006595,1.000997
8.61076,1.013652,1.011861
8.616967,1.021375,1.022046
8.621534,1.028145,1.029982
8.626704,1.033959,1.038065
8.632164,1.04037,1.045464
8.637316,1.044492,1.051237
8.642417,1.049904,1.057372
8.647744,1.054954,1.062279
8.65221,1.059654,1.066813
8.657396,1.063003,1.06989
8.662276,1.065332,1.072591
8.665936,1.067086,1.074354
8.669075,1.067828,1.074951
8.671462,1.067438,1.075178
8.673266,1.066335,1.075609
8.674749,1.064467,1.075691
8.676164,1.062224,1.074917
8.677212,1.060314,1.074277
8.677865,1.058765,1.075201
8.678058,1.057945,1.0755
8.678332,1.057814,1.07592
8.678668,1.059001,1.076581
8.678755,1.06211,1.077245
8.678986,1.065273,1.079
8.680152,1.068792,1.079809
8.681795,1.072232,1.081723
8.683891,1.075084,1.082586
8.686273,1.077897,1.084018
8.689022,1.080881,1.084782
8.691187,1.083952,1.085543
8.692265,1.085429,1.086043
8.693366,1.087715,1.085469
8.694309,1.089634,1.08505
8.695035,1.091436,1.08528
8.695314,1.093288,1.086398
8.695714,1.095222,1.087288
8.696333,1.096925,1.087517
8.696698,1.098804,1.087816
8.696975,1.100575,1.088002
8.696656,1.102039,1.089057
8.696633,1.103395,1.090116
8.696951,1.104692,1.09086
8.697582,1.10629,1.091053
8.697694,1.107675,1.091574
8.697919,1.10795,1.092683
8.698068,1.108216,1.0935
8.698072,1.108092,1.093851
8.697915,1.10775,1.094068
8.697701,1.107128,1.09431
8.697213,1.106529,1.094668
8.69632,1.105773,1.095346
8.694999,1.104584,1.09633
8.693774,1.103337,1.097501
8.693072,1.101423,1.098401
8.692135,1.098522,1.099671
8.691157,1.095905,1.101205
8.690163,1.092708,1.102889
8.68948,1.089472,1.10399
8.689412,1.086893,1.104752
8.68954,1.08549,1.104895
8.68971,1.084808,1.104828
8.689769,1.084566,1.104971
8.689493,1.084626,1.105055
8.689116,1.08569,1.105576
8.689099,1.087119,1.105501
8.689157,1.089023,1.105061
8.688838,1.091491,1.105092
8.688889,1.094133,1.104576
8.688725,1.096519,1.103238
8.688517,1.098162,1.102181
8.688002,1.099288,1.101044
8.686588,1.099746,1.100279
8.685081,1.099523,1.09889
8.683076,1.097088,1.09859
8.680634,1.09385,1.099317
8.678197,1.089631,1.100641
8.675684,1.084306,1.102152
8.672928,1.078356,1.104568
8.672588,1.07378,1.104953
8.672241,1.070193,1.105528
8.672502,1.068606,1.105882
8.672886,1.067874,1.105559
8.673135,1.068422,1.105343
8.67417,1.07066,1.1045
8.675159,1.07288,1.103826
8.676146,1.076054,1.103096
8.676807,1.079065,1.101834
8.676588,1.080526,1.100816
8.675584,1.08101,1.100731
8.67449,1.080846,1.101347
8.67295,1.079157,1.102242
8.671532,1.075926,1.102859
8.669239,1.071909,1.10391
8.667612,1.068222,1.103346
8.666268,1.064675,1.1033
8.664619,1.061448,1.103206
8.664285,1.05976,1.103174
8.664243,1.059801,1.102368
8.664168,1.060231,1.101504
8.664447,1.061412,1.101716
8.66525,1.063358,1.101999
8.667697,1.065608,1.101528
8.669651,1.068763,1.100163
8.672142,1.072347,1.098729
8.674127,1.075209,1.09771
8.67642,1.078297,1.095916
8.679078,1.080736,1.094059
8.679162,1.082873,1.091942
8.679413,1.08405,1.090078
8.679362,1.084343,1.088522
8.679819,1.083475,1.087563
8.679817,1.081843,1.086327
8.679586,1.078971,1.084867
8.679577,1.076577,1.084038
8.679103,1.073805,1.083161
8.679015,1.070701,1.081627
8.679076,1.067862,1.080207
8.679492,1.06576,1.078951
8.679788,1.064747,1.078092
8.680221,1.064278,1.077044
8.681346,1.064011,1.076126
8.6828,1.064123,1.074842
8.684916,1.065182,1.073425
8.686578,1.066252,1.072693
8.688923,1.068243,1.07199
8.691288,1.071039,1.07111
8.69393,1.074457,1.070333
8.696136,1.078936,1.069967
8.697977,1.082946,1.069463
8.699267,1.086434,1.069627
8.701191,1.090932,1.07011
8.703523,1.094612,1.069986
8.70524,1.098423,1.070323
8.707298,1.10218,1.070241
8.708982,1.105874,1.070832
8.710767,1.110536,1.07107
8.712698,1.114604,1.071968
8.713668,1.118544,1.072925
8.714798,1.121449,1.073927
8.716027,1.124817,1.075931
8.717199,1.127981,1.078222
8.718269,1.130858,1.080918
8.718575,1.133379,1.083364
8.719011,1.135516,1.085422
8.719147,1.137855,1.087883
8.718976,1.139961,1.089422
8.718609,1.141794,1.090757
8.718558,1.143827,1.092471
8.718324,1.145584,1.093343
8.718221,1.147017,1.094989
8.718401,1.148627,1.097203
8.718716,1.150211,1.099735
8.718763,1.151788,1.101289
8.718917,1.153807,1.103089
8.718859,1.156407,1.104527
8.718878,1.160191,1.106411
8.718372,1.163764,1.107845
8.71775,1.167416,1.109342
8.716477,1.169854,1.110139
8.71499,1.172113,1.110838
8.714284,1.173706,1.112792
8.713357,1.173388,1.114353
8.712171,1.171602,1.115899
8.711011,1.168678,1.117597
8.709892,1.164184,1.119967
8.707999,1.158646,1.122805
8.706814,1.151646,1.126119
8.706262,1.146503,1.128109
8.70575,1.140425,1.13053
8.705611,1.133674,1.133058
8.706182,1.127293,1.13582
8.707814,1.121475,1.138318
8.709158,1.117416,1.139846
8.710799,1.113075,1.141578
8.711652,1.1099,1.141962
8.712625,1.107912,1.142567
8.712036,1.107985,1.142856
8.711797,1.108335,1.14319
8.711642,1.109203,1.143197
8.711264,1.110496,1.14248
8.710787,1.112517,1.141793
8.710093,1.116245,1.141684
8.710184,1.11927,1.141171
8.710262,1.123291,1.140375
8.710353,1.127249,1.138665
8.710652,1.130446,1.135897
8.710686,1.1334,1.133763
8.710511,1.135598,1.131992
8.710015,1.137233,1.130001
8.709282,1.13761,1.127877
8.708419,1.136887,1.125967
8.707736,1.135629,1.124736
8.707421,1.134053,1.124175
8.706475,1.131175,1.123167
8.705767,1.127954,1.122991
8.70505,1.124042,1.122216
8.704399,1.119977,1.122095
8.703638,1.116516,1.121961
8.702319,1.112884,1.121404
8.701632,1.110291,1.12095
8.701281,1.108332,1.120001
8.700593,1.107249,1.118832
8.699446,1.106689,1.117068
8.697842,1.106377,1.115005
8.696525,1.106515,1.113054
8.695303,1.107625,1.111726
8.694547,1.108709,1.110136
8.693327,1.109941,1.108406
8.69265,1.11138,1.107069
8.692055,1.112787,1.10479
8.691146,1.114596,1.102854
8.690549,1.115995,1.101499
8.689926,1.117449,1.10005
8.689387,1.119221,1.098811
8.688865,1.120727,1.097172
8.688376,1.12153,1.094885
8.687825,1.122399,1.093279
8.687567,1.123313,1.091963
8.686929,1.124222,1.089884
8.686317,1.125181,1.087572
8.684957,1.126841,1.08573
8.684259,1.128065,1.084011
8.683357,1.129655,1.082795
8.682428,1.13209,1.081873
8.682638,1.133769,1.080407
8.681919,1.136428,1.080519
8.681705,1.138726,1.080489
8.681425,1.141626,1.080502
8.681596,1.144325,1.081126
8.681238,1.148292,1.082655
8.681155,1.151852,1.084192
8.68132,1.154943,1.085794
8.681436,1.158907,1.088159
8.682431,1.162607,1.09022
8.683233,1.166813,1.092533
8.684024,1.17057,1.094815
8.684999,1.175447,1.097897
8.686024,1.17891,1.099896
8.686634,1.182811,1.101754
8.687832,1.186553,1.104109
8.688887,1.189793,1.106655
8.690031,1.192769,1.109228
8.69111,1.195022,1.111725
8.692395,1.196842,1.114631
8.694269,1.197706,1.117404
8.696101,1.197247,1.120332
8.697652,1.196505,1.122942
8.699573,1.194539,1.125134
8.701258,1.1923,1.128253
8.702783,1.189146,1.13003
8.703733,1.184989,1.131085
8.704535,1.181337,1.13233
8.704819,1.17679,1.132812
8.705284,1.171595,1.132896
8.705694,1.16564,1.132
8.706321,1.160028,1.130973
8.706675,1.154739,1.129849
8.707131,1.148877,1.128478
8.707387,1.143041,1.126757
8.707969,1.137611,1.125011
8.708269,1.133031,1.123304
8.708816,1.127984,1.121195
8.709311,1.123067,1.118643
8.709837,1.117592,1.116271
8.71037,1.112507,1.112902
8.710422,1.108308,1.109899
8.710186,1.104534,1.106994
8.709545,1.101628,1.105016
8.70885,1.098497,1.101977
8.708157,1.097031,1.100178
8.707325,1.095377,1.098387
8.70681,1.094208,1.09675
8.706661,1.092913,1.094975
8.706787,1.091578,1.093837
8.707108,1.090569,1.092859
8.707126,1.089984,1.091848
8.707281,1.08933,1.090858
8.707273,1.089222,1.089476
8.707262,1.089368,1.088777
8.707219,1.089684,1.087788
8.70741,1.090159,1.086789
8.707424,1.090877,1.08595
8.707634,1.091687,1.085234
8.708089,1.092552,1.084241
8.708489,1.092936,1.083491
8.708807,1.09325,1.082877
8.708863,1.093953,1.082584
8.708994,1.094674,1.082713
8.708566,1.095666,1.083349
8.707232,1.09693,1.083743
8.705824,1.098056,1.08403
8.704306,1.099331,1.08449
8.702945,1.101104,1.083577
8.699786,1.104935,1.081229
8.696564,1.109338,1.077773
8.693343,1.114743,1.074827
8.690623,1.121344,1.073912
8.689095,1.128194,1.075583
8.689519,1.131062,1.078889
8.688048,1.140055,1.083065
8.688399,1.143606,1.08504
8.689501,1.147841,1.086787
8.690373,1.151111,1.088758
8.691736,1.15441,1.088568
8.693214,1.1571,1.087676
8.694322,1.159293,1.087328
8.695638,1.16241,1.087123
8.697354,1.165087,1.086094
8.699043,1.167051,1.083978
8.7003,1.168837,1.082622
8.701306,1.170844,1.082097
8.702049,1.172884,1.081719
8.703167,1.17468,1.079767
8.703979,1.176198,1.077973
8.704335,1.177263,1.077163
8.704836,1.17835,1.075779
8.70556,1.179013,1.073731
8.706239,1.1795,1.071939
8.706426,1.179831,1.071764
8.706422,1.18024,1.071555
8.706495,1.180448,1.071372
8.706468,1.180607,1.070713
8.706907,1.180786,1.069793
8.707327,1.180723,1.068371
8.707742,1.180758,1.067375
8.708043,1.180811,1.066662
8.708295,1.180843,1.066469
8.7082,1.180838,1.066742
8.707586,1.180304,1.068349
8.706708,1.178588,1.070714
8.70572,1.17574,1.07425
8.70431,1.169833,1.081644
8.704068,1.161025,1.088501
8.705478,1.144421,1.099825
8.708431,1.126544,1.108317
8.713317,1.101583,1.117393
8.720979,1.069945,1.12435
8.725245,1.04366,1.127883
8.725922,1.012555,1.128006
8.734519,0.9794518,1.126867
8.745247,0.9365392,1.122241
8.756016,0.9011212,1.118646
8.762344,0.8657363,1.114859
8.773058,0.8308125,1.107278
8.786122,0.8006083,1.100198
8.786122,0.8006083,1.100198
8.786122,0.8006083,1.100198
8.786122,0.8006083,1.100198
8.786122,0.8006083,1.100198
8.786122,0.8006083,1.100198
8.786122,0.8006083,1.100198
8.786122,0.8006083,1.100198
8.786122,0.8006083,1.100198
8.786122,0.8006083,1.100198
8.786122,0.8006083,1.100198
8.786122,0.8006083,1.100198
8.786122,0.8006083,1.100198
8.786122,0.8006083,1.100198
8.786122,0.8006083,1.100198
8.786122,0.8006083,1.100198
8.786122,0.8006083,1.100198
8.786122,0.8006083,1.100198
8.786122,0.8006083,1.100198
8.786122,0.8006083,1.100198
8.786122,0.8006083,1.100198
8.786122,0.8006083,1.100198
8.786122,0.8006083,1.100198
8.786122,0.8006083,1.100198
8.786122,0.8006083,1.100198
8.786122,0.8006083,1.100198
8.786122,0.8006083,1.100198
8.786122,0.8006083,1.100198
8.786122,0.8006083,1.100198
8.786122,0.8006083,1.100198
8.786122,0.8006083,1.100198
8.786122,0.8006083,1.100198
8.786122,0.8006083,1.100198
8.786122,0.8006083,1.100198
8.786122,0.8006083,1.100198
8.786122,0.8006083,1.100198
8.786122,0.8006083,1.100198
8.786122,0.8006083,1.100198
8.786122,0.8006083,1.100198
8.786122,0.8006083,1.100198
8.707679,0.662556,0.6379613
8.726648,0.6815434,0.6192638
8.727885,0.6792977,0.6162487
8.730746,0.6770676,0.6091585
8.732588,0.6740018,0.5982416
8.735507,0.6725271,0.5878422
8.740453,0.6718839,0.5777376
8.744834,0.6713533,0.5697423
8.750022,0.6687905,0.5606694
8.753382,0.6655565,0.5533479
8.75517,0.661985,0.5463789
8.755954,0.6566733,0.5368415
8.755425,0.651902,0.5294515
8.75402,0.6461203,0.5227985
8.752702,0.6414021,0.5171752
8.75195,0.6366031,0.5119926
8.750914,0.6317635,0.5064676
8.748755,0.6259812,0.5003928
8.746451,0.6220545,0.4956082
8.744015,0.6182443,0.4905747
8.741324,0.6140484,0.4853136
8.739193,0.6088991,0.4797151
8.737922,0.6046038,0.4754124
8.737609,0.6004026,0.4725583
8.737391,0.5961193,0.4695817
8.737373,0.5913223,0.4667312
8.737607,0.586345,0.4646585
8.737019,0.5825971,0.4631441
8.735827,0.5791771,0.4624298
8.735098,0.5764256,0.4625133
8.734214,0.5733515,0.4624668
8.733221,0.5691637,0.462699
8.732907,0.5658355,0.4654396
8.734058,0.5621574,0.469351
8.736256,0.5584868,0.4756016
8.74031,0.5553973,0.4834641
8.743975,0.5536792,0.4907773
8.746264,0.5536075,0.4962648
8.747633,0.5545936,0.5010245
8.748515,0.5564188,0.5049646
8.748548,0.5581793,0.508184
8.748344,0.5593735,0.5104125
8.74799,0.56028,0.5117376
8.747923,0.5615128,0.5131191
8.748243,0.5637563,0.5147375
8.748948,0.5682782,0.517077
8.749911,0.5722361,0.5189658
8.750801,0.5765585,0.5210778
8.751885,0.5816167,0.5234605
8.753288,0.5886816,0.5268211
8.754039,0.5946946,0.5297706
8.75495,0.6008308,0.5325488
8.75574,0.6065419,0.5358564
8.756008,0.6123496,0.5393234
8.756576,0.6173991,0.5423362
8.757082,0.6235735,0.5467137
8.757194,0.6285254,0.5504631
8.757547,0.6331076,0.5538456
8.757661,0.6367404,0.5565132
8.757459,0.6402081,0.5597917
8.756832,0.6453083,0.56318
8.756419,0.6511496,0.5669668
8.755744,0.6548217,0.5691903
8.754747,0.6592639,0.5715134
8.753991,0.6644188,0.5749171
8.753784,0.6710169,0.5770882
8.752459,0.6759176,0.5785339
8.751513,0.6801177,0.5797412
8.750348,0.6851531,0.5812302
8.748768,0.6906875,0.5822733
8.746792,0.6958893,0.5824062
8.745065,0.7004115,0.5839435
8.743332,0.7041245,0.5844584
8.741512,0.7079172,0.5845134
8.739929,0.7122985,0.5840501
8.737814,0.7149487,0.5821255
8.734226,0.7164531,0.5777611
8.730906,0.7170041,0.573267
8.727019,0.7180746,0.5670909
8.723145,0.7195714,0.5601982
8.719511,0.7212483,0.552769
8.717603,0.7203048,0.547796
8.715452,0.7191177,0.5433249
8.713348,0.717064,0.5387991
8.710593,0.7149791,0.5344389
8.708549,0.7108126,0.5297322
8.706283,0.7052663,0.5251836
8.704869,0.699945,0.5212871
8.704502,0.693697,0.517181
8.705333,0.6855598,0.5109297
8.706569,0.6770331,0.5047383
8.708011,0.669988,0.4993608
8.709426,0.6622007,0.4936137
8.709825,0.6556498,0.4873418
8.711215,0.6466932,0.4814925
8.711219,0.6413922,0.475099
8.712437,0.6349266,0.4715181
8.713153,0.628494,0.4689358
8.713733,0.6216526,0.4662383
8.714189,0.6136903,0.4641721
8.714839,0.6061934,0.4627844
8.71643,0.5974811,0.4649421
8.718783,0.5903867,0.4685275
8.724001,0.582633,0.4765522
8.732492,0.5767187,0.4891603
8.741109,0.5765858,0.5018095
8.745156,0.5779128,0.5080849
8.74714,0.5795092,0.5113165
8.747641,0.580768,0.5128269
8.747722,0.5819321,0.5133522
8.748432,0.584465,0.5143129
8.74905,0.5872031,0.5149978
8.749636,0.5902276,0.516412
8.750323,0.5935581,0.5177729
8.751233,0.5982454,0.5201371
8.752007,0.6025159,0.5224202
8.752697,0.6067663,0.5250082
8.753152,0.6116273,0.5274815
8.753596,0.6172019,0.5299188
8.754406,0.6213571,0.5319425
8.755272,0.6281738,0.5350084
8.756423,0.6350691,0.5381407
8.75699,0.6402888,0.5406894
8.757128,0.6463438,0.5435636
8.757346,0.6535738,0.5474971
8.756619,0.6591521,0.5502205
8.756098,0.6652309,0.5535237
8.755685,0.669694,0.5556192
8.754385,0.6746622,0.5581992
8.753295,0.67941,0.5596563
8.751981,0.6843203,0.5620611
8.750925,0.6883426,0.5642552
8.750347,0.6923593,0.5667765
8.748742,0.6964315,0.5701411
8.74793,0.6995266,0.5719094
8.746757,0.7022336,0.5737191
8.745602,0.703238,0.5738389
8.743782,0.7038582,0.5738981
8.742208,0.7039726,0.5737042
8.741151,0.7038444,0.5739669
8.740302,0.7027792,0.5738261
8.739238,0.7013488,0.5734547
8.738097,0.6988059,0.5737267
8.737046,0.694985,0.5751633
8.737058,0.6906485,0.5790935
8.73713,0.6850594,0.5831259
8.73737,0.6804603,0.5864438
8.738007,0.675515,0.5904528
8.73842,0.6694377,0.5952352
8.738192,0.6627477,0.6007013
8.737959,0.6569179,0.6036739
8.737565,0.6515499,0.6073253
8.737742,0.6467497,0.6116197
8.737488,0.6404969,0.6167699
8.737521,0.6341039,0.6230557
8.737267,0.6281164,0.6287571
8.737087,0.622086,0.6341451
8.736679,0.6156942,0.6403145
8.736433,0.6089935,0.6464803
8.735504,0.6012352,0.6532313
8.734665,0.5942004,0.6593252
8.734325,0.5884014,0.6651577
8.733902,0.5826561,0.6709529
8.733435,0.5768592,0.6766835
8.733384,0.5714755,0.6825511
8.73366,0.5678027,0.6872798
8.734233,0.5637056,0.6924645
8.734304,0.5595228,0.6967965
8.73496,0.555548,0.7017465
8.735466,0.552242,0.7063372
8.736003,0.5498983,0.7104065
8.736523,0.5470115,0.7142944
8.737207,0.5445118,0.7177031
8.737621,0.5410694,0.7221467
8.738504,0.5386599,0.7258245
8.739519,0.5367861,0.7293152
8.74004,0.5344283,0.7327697
8.740754,0.5325026,0.7357488
8.741499,0.5308073,0.7393051
8.74192,0.5293728,0.7423068
8.7424,0.5279117,0.7451571
8.742944,0.5260696,0.7478852
8.743114,0.5246198,0.7502247
8.74342,0.5232669,0.7529286
8.743175,0.5211146,0.7556804
8.743526,0.5196017,0.7576241
8.743837,0.5185073,0.7594617
8.744164,0.5179459,0.7610574
8.744844,0.5169108,0.7628697
8.745522,0.5157186,0.7647529
8.746124,0.5148319,0.7660679
8.746584,0.5139298,0.7674683
8.74748,0.5128189,0.7688559
8.748425,0.5115371,0.7706461
8.749163,0.5102842,0.7718012
8.750202,0.5091966,0.7726755
8.750925,0.5082729,0.773374
8.751666,0.5071087,0.7744611
8.752349,0.5060768,0.775391
8.752927,0.505152,0.7762272
8.753418,0.5043833,0.7768525
8.753805,0.5036347,0.7772657
8.753983,0.5031104,0.7775263
8.754448,0.5028572,0.7777671
8.754591,0.5027383,0.7780252
8.7547,0.5023828,0.7781106
8.754899,0.5023472,0.7781959
8.754955,0.5023649,0.7781655
8.754938,0.5024571,0.7785529
8.754452,0.5024981,0.7790307
8.754024,0.5027713,0.7792925
8.753568,0.5031686,0.7794874
8.753074,0.5031248,0.7798793
8.752487,0.5032134,0.7803621
8.75173,0.5033426,0.7805931
8.751064,0.5033379,0.7811518
8.749914,0.5043725,0.7821159
8.749104,0.5050316,0.7828305
8.747979,0.5060803,0.7836537
8.747093,0.5072008,0.7842318
8.746023,0.5085732,0.7847451
8.744686,0.5092664,0.7853224
8.743046,0.5114393,0.7861541
8.741676,0.5121791,0.7864097
8.740311,0.5135099,0.7867483
8.738785,0.5152459,0.7872496
8.737675,0.5170803,0.7876265
8.73619,0.5190197,0.7883829
8.73331,0.5219962,0.790492
8.73331,0.5219962,0.790492
8.73331,0.5219962,0.790492
8.73331,0.5219962,0.790492
8.73331,0.5219962,0.790492
8.73331,0.5219962,0.790492
8.73331,0.5219962,0.790492
8.73331,0.5219962,0.790492
8.73331,0.5219962,0.790492
8.73331,0.5219962,0.790492
8.73331,0.5219962,0.790492
8.73331,0.5219962,0.790492
8.73331,0.5219962,0.790492
8.73331,0.5219962,0.790492
8.73331,0.5219962,0.790492
8.73331,0.5219962,0.790492
8.73331,0.5219962,0.790492
8.73331,0.5219962,0.790492
8.73331,0.5219962,0.790492
8.73331,0.5219962,0.790492
8.73331,0.5219962,0.790492
8.73331,0.5219962,0.790492
8.73331,0.5219962,0.790492
8.73331,0.5219962,0.790492
8.73331,0.5219962,0.790492
8.73331,0.5219962,0.790492
8.73331,0.5219962,0.790492
8.73331,0.5219962,0.790492
8.73331,0.5219962,0.790492
8.73331,0.5219962,0.790492
8.73331,0.5219962,0.790492
8.73331,0.5219962,0.790492
8.73331,0.5219962,0.790492
8.73331,0.5219962,0.790492
8.73331,0.5219962,0.790492
8.73331,0.5219962,0.790492
8.73331,0.5219962,0.790492
8.73331,0.5219962,0.790492
8.73331,0.5219962,0.790492
8.73331,0.5219962,0.790492
8.73331,0.5219962,0.790492
8.73331,0.5219962,0.790492
8.73331,0.5219962,0.790492
8.73331,0.5219962,0.790492
8.73331,0.5219962,0.790492
8.73331,0.5219962,0.790492
8.73331,0.5219962,0.790492
8.73331,0.5219962,0.790492
8.73331,0.5219962,0.790492
8.73331,0.5219962,0.790492
8.73331,0.5219962,0.790492
8.73331,0.5219962,0.790492
8.73331,0.5219962,0.790492
8.73331,0.5219962,0.790492
8.73331,0.5219962,0.790492
8.73331,0.5219962,0.790492
8.73331,0.5219962,0.790492
8.73331,0.5219962,0.790492
8.73331,0.5219962,0.790492
8.73331,0.5219962,0.790492
8.73331,0.5219962,0.790492
8.73331,0.5219962,0.790492
8.73331,0.5219962,0.790492
8.73331,0.5219962,0.790492
8.73331,0.5219962,0.790492
8.73331,0.5219962,0.790492
8.73331,0.5219962,0.790492
8.73331,0.5219962,0.790492
8.73331,0.5219962,0.790492
8.73331,0.5219962,0.790492
8.73331,0.5219962,0.790492
8.73331,0.5219962,0.790492
8.73331,0.5219962,0.790492
8.73331,0.5219962,0.790492
8.73331,0.5219962,0.790492
8.73331,0.5219962,0.790492
8.73331,0.5219962,0.790492
8.73331,0.5219962,0.790492
8.73331,0.5219962,0.790492
8.73331,0.5219962,0.790492
8.73331,0.5219962,0.790492
8.73331,0.5219962,0.790492
8.73331,0.5219962,0.790492
8.73331,0.5219962,0.790492
8.73331,0.5219962,0.790492
8.73331,0.5219962,0.790492
8.73331,0.5219962,0.790492
8.73331,0.5219962,0.790492
8.73331,0.5219962,0.790492
8.73331,0.5219962,0.790492
8.73331,0.5219962,0.790492
8.73331,0.5219962,0.790492
8.73331,0.5219962,0.790492
8.73331,0.5219962,0.790492
8.73331,0.5219962,0.790492
8.73331,0.5219962,0.790492
8.73331,0.5219962,0.790492
8.73331,0.5219962,0.790492
8.73331,0.5219962,0.790492
8.73331,0.5219962,0.790492
8.73331,0.5219962,0.790492
8.73331,0.5219962,0.790492
8.73331,0.5219962,0.790492
8.73331,0.5219962,0.790492
8.73331,0.5219962,0.790492
8.73331,0.5219962,0.790492
8.73331,0.5219962,0.790492
8.73331,0.5219962,0.790492
8.73331,0.5219962,0.790492
8.73331,0.5219962,0.790492
8.73331,0.5219962,0.790492
8.73331,0.5219962,0.790492
8.73331,0.5219962,0.790492
8.73331,0.5219962,0.790492
8.73331,0.5219962,0.790492
8.73331,0.5219962,0.790492
8.73331,0.5219962,0.790492
8.73331,0.5219962,0.790492
8.73331,0.5219962,0.790492
8.73331,0.5219962,0.790492
8.73331,0.5219962,0.790492
8.73331,0.5219962,0.790492
8.73331,0.5219962,0.790492
8.73331,0.5219962,0.790492
8.73331,0.5219962,0.790492
8.73331,0.5219962,0.790492
8.73331,0.5219962,0.790492
8.73331,0.5219962,0.790492
8.73331,0.5219962,0.790492
8.73331,0.5219962,0.790492
8.73331,0.5219962,0.790492
8.73331,0.5219962,0.790492
8.73331,0.5219962,0.790492
8.73331,0.5219962,0.790492
8.73331,0.5219962,0.790492
8.73331,0.5219962,0.790492
8.73331,0.5219962,0.790492
8.73331,0.5219962,0.790492
8.73331,0.5219962,0.790492
8.73331,0.5219962,0.790492
8.73331,0.5219962,0.790492
8.73331,0.5219962,0.790492
8.73331,0.5219962,0.790492
8.73331,0.5219962,0.790492
8.73331,0.5219962,0.790492
8.73331,0.5219962,0.790492
8.73331,0.5219962,0.790492
8.73331,0.5219962,0.790492
8.73331,0.5219962,0.790492
8.73331,0.5219962,0.790492
8.73331,0.5219962,0.790492
8.73331,0.5219962,0.790492
8.73331,0.5219962,0.790492
8.73331,0.5219962,0.790492
8.73331,0.5219962,0.790492
8.73331,0.5219962,0.790492
8.73331,0.5219962,0.790492
8.73331,0.5219962,0.790492
8.73331,0.5219962,0.790492
8.73331,0.5219962,0.790492
8.73331,0.5219962,0.790492
8.73331,0.5219962,0.790492
8.73331,0.5219962,0.790492
8.73331,0.5219962,0.790492
8.73331,0.5219962,0.790492
8.73331,0.5219962,0.790492
8.73331,0.5219962,0.790492
8.73331,0.5219962,0.790492
8.73331,0.5219962,0.790492
8.73331,0.5219962,0.790492
8.73331,0.5219962,0.790492
8.73331,0.5219962,0.790492
8.73331,0.5219962,0.790492
8.73331,0.5219962,0.790492
8.73331,0.5219962,0.790492
8.73331,0.5219962,0.790492
8.73331,0.5219962,0.790492
8.73331,0.5219962,0.790492
8.73331,0.5219962,0.790492
8.73331,0.5219962,0.790492
8.73331,0.5219962,0.790492
8.73331,0.5219962,0.790492
8.73331,0.5219962,0.790492
8.73331,0.5219962,0.790492
8.73331,0.5219962,0.790492
8.73331,0.5219962,0.790492
8.73331,0.5219962,0.790492
8.73331,0.5219962,0.790492
8.73331,0.5219962,0.790492
8.73331,0.5219962,0.790492
8.73331,0.5219962,0.790492
8.73331,0.5219962,0.790492
8.73331,0.5219962,0.790492
8.73331,0.5219962,0.790492
8.73331,0.5219962,0.790492
8.73331,0.5219962,0.790492
8.73331,0.5219962,0.790492
8.73331,0.5219962,0.790492
8.73331,0.5219962,0.790492
8.73331,0.5219962,0.790492
8.73331,0.5219962,0.790492
8.73331,0.5219962,0.790492
8.73331,0.5219962,0.790492
8.73331,0.5219962,0.790492
8.73331,0.5219962,0.790492
8.73331,0.5219962,0.790492
8.73331,0.5219962,0.790492
8.73331,0.5219962,0.790492
8.73331,0.5219962,0.790492
8.73331,0.5219962,0.790492
8.73331,0.5219962,0.790492
8.73331,0.5219962,0.790492
8.73331,0.5219962,0.790492
8.73331,0.5219962,0.790492
8.73331,0.5219962,0.790492
8.73331,0.5219962,0.790492
8.73331,0.5219962,0.790492
8.73331,0.5219962,0.790492
8.73331,0.5219962,0.790492
8.73331,0.5219962,0.790492
8.73331,0.5219962,0.790492
8.73331,0.5219962,0.790492
8.73331,0.5219962,0.790492
8.73331,0.5219962,0.790492
8.73331,0.5219962,0.790492
8.73331,0.5219962,0.790492
8.73331,0.5219962,0.790492
8.73331,0.5219962,0.790492
8.73331,0.5219962,0.790492
8.73331,0.5219962,0.790492
8.73331,0.5219962,0.790492
8.73331,0.5219962,0.790492
8.73331,0.5219962,0.790492
8.73331,0.5219962,0.790492
8.73331,0.5219962,0.790492
8.73331,0.5219962,0.790492
8.73331,0.5219962,0.790492
8.73331,0.5219962,0.790492
8.73331,0.5219962,0.790492
8.73331,0.5219962,0.790492
8.73331,0.5219962,0.790492
8.73331,0.5219962,0.790492
8.73331,0.5219962,0.790492
8.73331,0.5219962,0.790492
8.73331,0.5219962,0.790492
8.73331,0.5219962,0.790492
8.73331,0.5219962,0.790492
8.73331,0.5219962,0.790492
8.73331,0.5219962,0.790492
8.73331,0.5219962,0.790492
8.73331,0.5219962,0.790492
8.73331,0.5219962,0.790492
8.73331,0.5219962,0.790492
8.73331,0.5219962,0.790492
8.73331,0.5219962,0.790492
8.73331,0.5219962,0.790492
8.73331,0.5219962,0.790492
8.73331,0.5219962,0.790492
8.73331,0.5219962,0.790492
8.73331,0.5219962,0.790492
8.73331,0.5219962,0.790492
8.73331,0.5219962,0.790492
8.73331,0.5219962,0.790492
8.73331,0.5219962,0.790492
8.73331,0.5219962,0.790492
8.73331,0.5219962,0.790492
8.73331,0.5219962,0.790492
8.73331,0.5219962,0.790492
8.73331,0.5219962,0.790492
8.73331,0.5219962,0.790492
8.73331,0.5219962,0.790492
8.73331,0.5219962,0.790492
8.73331,0.5219962,0.790492
8.73331,0.5219962,0.790492
8.73331,0.5219962,0.790492
8.73331,0.5219962,0.790492
8.73331,0.5219962,0.790492
8.73331,0.5219962,0.790492
8.73331,0.5219962,0.790492
8.73331,0.5219962,0.790492
8.73331,0.5219962,0.790492
8.73331,0.5219962,0.790492
8.73331,0.5219962,0.790492
8.73331,0.5219962,0.790492
8.73331,0.5219962,0.790492
8.73331,0.5219962,0.790492
8.73331,0.5219962,0.790492
8.73331,0.5219962,0.790492
8.73331,0.5219962,0.790492
8.73331,0.5219962,0.790492
8.73331,0.5219962,0.790492
8.73331,0.5219962,0.790492
8.73331,0.5219962,0.790492
8.73331,0.5219962,0.790492
8.73331,0.5219962,0.790492
8.73331,0.5219962,0.790492
8.73331,0.5219962,0.790492
8.73331,0.5219962,0.790492
8.73331,0.5219962,0.790492
8.73331,0.5219962,0.790492
8.73331,0.5219962,0.790492
8.73331,0.5219962,0.790492
8.73331,0.5219962,0.790492
8.73331,0.5219962,0.790492
8.73331,0.5219962,0.790492
8.73331,0.5219962,0.790492
8.73331,0.5219962,0.790492
8.73331,0.5219962,0.790492
8.73331,0.5219962,0.790492
8.73331,0.5219962,0.790492
8.73331,0.5219962,0.790492
8.73331,0.5219962,0.790492
8.73331,0.5219962,0.790492
8.73331,0.5219962,0.790492
8.73331,0.5219962,0.790492
8.73331,0.5219962,0.790492
8.73331,0.5219962,0.790492
8.73331,0.5219962,0.790492
8.73331,0.5219962,0.790492
8.73331,0.5219962,0.790492
8.73331,0.5219962,0.790492
8.73331,0.5219962,0.790492
8.73331,0.5219962,0.790492
8.73331,0.5219962,0.790492
8.73331,0.5219962,0.790492
8.73331,0.5219962,0.790492
8.73331,0.5219962,0.790492
8.73331,0.5219962,0.790492
8.73331,0.5219962,0.790492
8.73331,0.5219962,0.790492
8.73331,0.5219962,0.790492
8.73331,0.5219962,0.790492
8.73331,0.5219962,0.790492
8.73331,0.5219962,0.790492
8.73331,0.5219962,0.790492
8.73331,0.5219962,0.790492
8.73331,0.5219962,0.790492
8.73331,0.5219962,0.790492
8.73331,0.5219962,0.790492
8.73331,0.5219962,0.790492
8.73331,0.5219962,0.790492
8.73331,0.5219962,0.790492
8.73331,0.5219962,0.790492
8.73331,0.5219962,0.790492
8.73331,0.5219962,0.790492
8.73331,0.5219962,0.790492
8.73331,0.5219962,0.790492
8.73331,0.5219962,0.790492
8.73331,0.5219962,0.790492
8.73331,0.5219962,0.790492
8.73331,0.5219962,0.790492
8.73331,0.5219962,0.790492
8.73331,0.5219962,0.790492
8.73331,0.5219962,0.790492
8.73331,0.5219962,0.790492
8.73331,0.5219962,0.790492
8.73331,0.5219962,0.790492
8.73331,0.5219962,0.790492
8.73331,0.5219962,0.790492
8.73331,0.5219962,0.790492
8.73331,0.5219962,0.790492
8.73331,0.5219962,0.790492
8.73331,0.5219962,0.790492
8.73331,0.5219962,0.790492
8.73331,0.5219962,0.790492
8.73331,0.5219962,0.790492
8.73331,0.5219962,0.790492
8.73331,0.5219962,0.790492
8.73331,0.5219962,0.790492
8.73331,0.5219962,0.790492
8.73331,0.5219962,0.790492
8.73331,0.5219962,0.790492
8.73331,0.5219962,0.790492
8.73331,0.5219962,0.790492
8.73331,0.5219962,0.790492
8.73331,0.5219962,0.790492
8.73331,0.5219962,0.790492
8.73331,0.5219962,0.790492
8.73331,0.5219962,0.790492
8.73331,0.5219962,0.790492
8.73331,0.5219962,0.790492
8.73331,0.5219962,0.790492
8.73331,0.5219962,0.790492
8.73331,0.5219962,0.790492
8.73331,0.5219962,0.790492
8.73331,0.5219962,0.790492
8.73331,0.5219962,0.790492
8.73331,0.5219962,0.790492
8.73331,0.5219962,0.790492
8.73331,0.5219962,0.790492
8.73331,0.5219962,0.790492
8.73331,0.5219962,0.790492
8.73331,0.5219962,0.790492
8.73331,0.5219962,0.790492
8.73331,0.5219962,0.790492
8.73331,0.5219962,0.790492
8.73331,0.5219962,0.790492
8.73331,0.5219962,0.790492
8.73331,0.5219962,0.790492
8.73331,0.5219962,0.790492
8.73331,0.5219962,0.790492
8.73331,0.5219962,0.790492
8.73331,0.5219962,0.790492
8.73331,0.5219962,0.790492
8.73331,0.5219962,0.790492
8.73331,0.5219962,0.790492
8.73331,0.5219962,0.790492
8.73331,0.5219962,0.790492
8.73331,0.5219962,0.790492
8.73331,0.5219962,0.790492
8.73331,0.5219962,0.790492
8.73331,0.5219962,0.790492
8.73331,0.5219962,0.790492
8.73331,0.5219962,0.790492
8.73331,0.5219962,0.790492
8.73331,0.5219962,0.790492
8.73331,0.5219962,0.790492
8.73331,0.5219962,0.790492
8.73331,0.5219962,0.790492
8.73331,0.5219962,0.790492
8.73331,0.5219962,0.790492
8.73331,0.5219962,0.790492
8.73331,0.5219962,0.790492
8.73331,0.5219962,0.790492
8.73331,0.5219962,0.790492
8.73331,0.5219962,0.790492
8.73331,0.5219962,0.790492
8.73331,0.5219962,0.790492
8.73331,0.5219962,0.790492
8.73331,0.5219962,0.790492
8.73331,0.5219962,0.790492
8.73331,0.5219962,0.790492
8.73331,0.5219962,0.790492
8.73331,0.5219962,0.790492
8.73331,0.5219962,0.790492
8.73331,0.5219962,0.790492
8.73331,0.5219962,0.790492
8.73331,0.5219962,0.790492
8.73331,0.5219962,0.790492
8.73331,0.5219962,0.790492
8.73331,0.5219962,0.790492
8.73331,0.5219962,0.790492
8.73331,0.5219962,0.790492
8.73331,0.5219962,0.790492
8.73331,0.5219962,0.790492
8.73331,0.5219962,0.790492
8.73331,0.5219962,0.790492
8.73331,0.5219962,0.790492
8.73331,0.5219962,0.790492
8.73331,0.5219962,0.790492
8.73331,0.5219962,0.790492
8.73331,0.5219962,0.790492
8.73331,0.5219962,0.790492
8.73331,0.5219962,0.790492
8.73331,0.5219962,0.790492
8.73331,0.5219962,0.790492
8.73331,0.5219962,0.790492
8.73331,0.5219962,0.790492
8.73331,0.5219962,0.790492
8.73331,0.5219962,0.790492
8.73331,0.5219962,0.790492
8.73331,0.5219962,0.790492
8.73331,0.5219962,0.790492
8.73331,0.5219962,0.790492
8.73331,0.5219962,0.790492
8.73331,0.5219962,0.790492
8.73331,0.5219962,0.790492
8.73331,0.5219962,0.790492
8.73331,0.5219962,0.790492
8.73331,0.5219962,0.790492
8.73331,0.5219962,0.790492
8.73331,0.5219962,0.790492
8.73331,0.5219962,0.790492
8.73331,0.5219962,0.790492
8.73331,0.5219962,0.790492
8.73331,0.5219962,0.790492
8.73331,0.5219962,0.790492
8.73331,0.5219962,0.790492
8.73331,0.5219962,0.790492
8.73331,0.5219962,0.790492
8.73331,0.5219962,0.790492
8.73331,0.5219962,0.790492
8.73331,0.5219962,0.790492
8.73331,0.5219962,0.790492
8.73331,0.5219962,0.790492
8.73331,0.5219962,0.790492
8.73331,0.5219962,0.790492
8.73331,0.5219962,0.790492
8.73331,0.5219962,0.790492
8.73331,0.5219962,0.790492
8.73331,0.5219962,0.790492
8.73331,0.5219962,0.790492
8.73331,0.5219962,0.790492
8.73331,0.5219962,0.790492
8.73331,0.5219962,0.790492
8.73331,0.5219962,0.790492
8.73331,0.5219962,0.790492
8.73331,0.5219962,0.790492
8.73331,0.5219962,0.790492
8.73331,0.5219962,0.790492
8.73331,0.5219962,0.790492
8.73331,0.5219962,0.790492
8.73331,0.5219962,0.790492
8.73331,0.5219962,0.790492
8.73331,0.5219962,0.790492
8.73331,0.5219962,0.790492
8.73331,0.5219962,0.790492
8.73331,0.5219962,0.790492
8.73331,0.5219962,0.790492
8.73331,0.5219962,0.790492
8.73331,0.5219962,0.790492
8.73331,0.5219962,0.790492
8.73331,0.5219962,0.790492
8.73331,0.5219962,0.790492
8.73331,0.5219962,0.790492
8.73331,0.5219962,0.790492
8.73331,0.5219962,0.790492
8.73331,0.5219962,0.790492
8.73331,0.5219962,0.790492
8.73331,0.5219962,0.790492
8.73331,0.5219962,0.790492
8.73331,0.5219962,0.790492
8.73331,0.5219962,0.790492
8.73331,0.5219962,0.790492
8.73331,0.5219962,0.790492
8.73331,0.5219962,0.790492
8.73331,0.5219962,0.790492
8.73331,0.5219962,0.790492
8.73331,0.5219962,0.790492
8.73331,0.5219962,0.790492
8.73331,0.5219962,0.790492
8.73331,0.5219962,0.790492
8.73331,0.5219962,0.790492
8.73331,0.5219962,0.790492
8.73331,0.5219962,0.790492
8.73331,0.5219962,0.790492
8.73331,0.5219962,0.790492
8.73331,0.5219962,0.790492
8.73331,0.5219962,0.790492
8.73331,0.5219962,0.790492
8.73331,0.5219962,0.790492
8.73331,0.5219962,0.790492
8.73331,0.5219962,0.790492
8.73331,0.5219962,0.790492
8.73331,0.5219962,0.790492
8.73331,0.5219962,0.790492
8.73331,0.5219962,0.790492
8.73331,0.5219962,0.790492
8.629729,0.4897947,0.9299423
8.624204,0.528451,0.9192407
8.619212,0.5466474,0.9212939
8.612482,0.5597405,0.9256638
8.605312,0.5753236,0.9292057
8.596491,0.5911456,0.9339823
8.587125,0.602946,0.9423683
8.575964,0.6123217,0.9548987
8.566455,0.6202552,0.9673826
8.555407,0.6266688,0.980917
8.542297,0.6325538,0.9965268
8.530015,0.6394928,1.010316
8.519542,0.6510759,1.021667
8.511119,0.6642432,1.027262
8.505718,0.6774557,1.027434
8.502458,0.691894,1.02381
8.499999,0.7070249,1.018957
8.498147,0.7223976,1.011825
8.497421,0.7381342,1.002616
8.498039,0.7509792,0.9936205
8.499842,0.7631074,0.9832866
8.501905,0.77257,0.9737158
8.504504,0.7807036,0.9637046
8.506249,0.7875586,0.9539216
8.508194,0.7931562,0.9450728
8.509893,0.7981383,0.9366736
8.511703,0.8022047,0.9289176
8.513718,0.8053041,0.9207107
8.514769,0.8064232,0.915316
8.515543,0.8068796,0.9084853
8.516394,0.8074449,0.9019237
8.517942,0.8078846,0.8947797
8.519579,0.8080505,0.8880503
8.520915,0.8085843,0.8820672
8.521721,0.8090789,0.8759976
8.522089,0.8095239,0.8712848
8.522438,0.8102909,0.8655378
8.523059,0.8114148,0.860733
8.523077,0.8129335,0.8562197
8.52273,0.8144651,0.8520007
8.522388,0.8162422,0.847819
8.522398,0.8178375,0.8436831
8.523195,0.8199368,0.8396691
8.524378,0.8223973,0.8355892
8.525095,0.8242887,0.8316176
8.525753,0.8254357,0.8284961
8.52625,0.8265204,0.8260593
8.526233,0.8276852,0.82454
8.526179,0.8290835,0.8235654
8.525867,0.8305326,0.8231534
8.525806,0.8310669,0.8232394
8.525392,0.8310936,0.8239585
8.524955,0.8307889,0.8251498
8.52444,0.8301323,0.8270177
8.523612,0.8289016,0.8296562
8.523003,0.8283775,0.8325877
8.52174,0.8277135,0.8379337
8.519706,0.8276985,0.8444845
8.517187,0.8279346,0.8528544
8.513611,0.8281375,0.8624702
8.509721,0.8271566,0.8730036
8.504644,0.8249496,0.8858595
8.50024,0.8227416,0.8987902
8.496716,0.8206642,0.91471
8.494633,0.8187087,0.9280382
8.493677,0.8161221,0.9379601
8.494673,0.8099445,0.9453933
8.496696,0.8054534,0.9478543
8.499123,0.8028523,0.9481726
8.501716,0.8015307,0.9477352
8.503699,0.7995225,0.9474701
8.505133,0.7988957,0.9472501
8.505904,0.7987158,0.9472955
8.50633,0.798209,0.9478211
8.506867,0.7975658,0.9478802
8.508064,0.7967911,0.9470569
8.509953,0.7964843,0.9454565
8.511917,0.7961586,0.9441041
8.513819,0.7959619,0.9436361
8.515405,0.795498,0.9438435
8.517143,0.7941161,0.944065
8.520006,0.7914758,0.9435753
8.523717,0.7891791,0.9411221
8.530585,0.784879,0.9345834
8.538747,0.7782765,0.9269958
8.553281,0.7698253,0.9168816
8.567122,0.7635244,0.9100022
8.577212,0.7586734,0.9066664
8.586637,0.7550083,0.9033819
8.590619,0.7534433,0.9004583
8.597123,0.7525216,0.8956439
8.603941,0.7522791,0.8914988
8.610399,0.7511571,0.8893556
8.615115,0.7521757,0.8860668
8.61924,0.7521477,0.8847603
8.620957,0.7538159,0.8832168
8.625611,0.7555166,0.8840194
8.632751,0.7575317,0.8892283
8.632491,0.7592545,0.892042
8.621912,0.7649961,0.8893235
8.607967,0.7743185,0.8910069
8.594236,0.7832766,0.8980379
8.578222,0.7924045,0.9104199
8.562026,0.8002089,0.9290001
8.550463,0.8060656,0.9486846
8.541611,0.8101678,0.967718
8.536403,0.8146128,0.9807237
8.531321,0.8209667,0.9902732
8.52649,0.8258858,0.9917706
8.522239,0.829974,0.9855386
8.517791,0.8326438,0.9675536
8.513824,0.836222,0.9436746
8.510912,0.8383062,0.9081418
8.511299,0.8336511,0.8823817
8.514858,0.8254871,0.8648444
8.518695,0.8200694,0.8529522
8.520331,0.8157929,0.8430304
8.519946,0.8086904,0.8362817
8.519344,0.8018863,0.8325926
8.519208,0.7974322,0.8298118
8.519079,0.7932742,0.8267316
8.518539,0.7906356,0.8248513
8.517123,0.7883599,0.8235964
8.516062,0.7871435,0.8231531
8.514819,0.7864168,0.8224973
8.514387,0.7867704,0.822565
8.514091,0.78791,0.8225116
8.514144,0.7894626,0.8223304
8.514023,0.7905162,0.8223751
8.513668,0.7908633,0.8222506
8.513263,0.7903019,0.8222771
8.512836,0.7895599,0.8222601
8.512256,0.7886487,0.8221126
8.511895,0.7880667,0.8216541
8.511658,0.7876747,0.821209
8.511594,0.7879265,0.8201474
8.510421,0.7873287,0.8200415
8.509459,0.7871512,0.8196774
8.509654,0.7881129,0.8185028
8.509735,0.7890452,0.8173404
8.509812,0.7898758,0.8167849
8.509764,0.7910042,0.8158584
8.509292,0.792366,0.8151703
8.508893,0.7927693,0.8152458
8.508481,0.7926589,0.8153464
8.50808,0.7922891,0.8157766
8.50774,0.7918018,0.8160923
8.507637,0.7919274,0.8158128
8.506981,0.7916568,0.8159416
8.505944,0.7908347,0.8164957
8.505527,0.7904592,0.8166361
8.505286,0.7905191,0.8166854
8.505116,0.7908401,0.8165755
-0.006054625,0.7914549,-0.1525546
-0.00615789,0.7926821,-0.1526436
-0.006225109,0.7938537,-0.1527994
-0.005693093,0.7955285,-0.153444
-0.005626485,0.796964,-0.1536223
-0.00571911,0.7980153,-0.1536449
-0.005838022,0.7989638,-0.1536625
-0.006014526,0.7997089,-0.1535247
-0.006311938,0.8003474,-0.1532932
-0.006628558,0.8013943,-0.1529389
-0.006896064,0.8027483,-0.1524822
-0.007361293,0.8051553,-0.1517227
-0.00841707,0.8077239,-0.1505456
-0.01084802,0.8096069,-0.1479364
-0.01386446,0.8113106,-0.1434484
-0.01719879,0.8136421,-0.137954
-0.02479316,0.8143354,-0.1277673
-0.0323538,0.8151181,-0.1167373
-0.03879838,0.8135207,-0.1029588
-0.04554851,0.8051506,-0.08627778
-0.05277012,0.791113,-0.07224509
-0.06186159,0.7689748,-0.05527721
-0.06908675,0.747428,-0.04286344
-0.07507761,0.7180641,-0.0305755
-0.07728539,0.6906253,-0.02005617
-0.07738401,0.6641255,-0.01177998
-0.07587154,0.6394469,-0.007783234
-0.07365672,0.6193767,-0.004809454
-0.06968813,0.6010268,-0.003870621
-0.06550638,0.5911292,-0.005389377
-0.0616339,0.5839381,-0.0066645
-0.05790846,0.5805473,-0.008050635
-0.05513214,0.5791453,-0.009208918
-0.0531386,0.5794653,-0.009631738
-0.05157517,0.5815195,-0.009414971
-0.0500056,0.5844203,-0.008920401
-0.0488923,0.5874509,-0.007955164
-0.04836737,0.5898405,-0.006017134
-0.04798274,0.5923619,-0.003211007
-0.04777731,0.5944971,1.615286E-05
-0.04725052,0.5973493,0.004281417
-0.04620059,0.600693,0.007752776
-0.04498161,0.6047654,0.01152147
-0.04327105,0.6099339,0.01624854
-0.04132123,0.6164256,0.02254285
-0.03922258,0.6239185,0.02972792
-0.03695004,0.6306317,0.0366504
-0.03302227,0.6365523,0.04301709
-0.02883032,0.6420791,0.04998986
-0.0236015,0.6488525,0.05640776
-0.01865827,0.6558982,0.0618939
-0.01370846,0.6637674,0.06713872
-0.007943243,0.6717466,0.07225452
-0.002044082,0.6807761,0.07693307
0.003263712,0.6896926,0.08163486
0.01002699,0.7013112,0.08760862
0.01598738,0.7117105,0.09290616
0.02236597,0.722956,0.09858201
0.03046027,0.7358201,0.1040633
0.03812741,0.7467075,0.1102709
0.0468123,0.7563756,0.1150786
0.05570328,0.7654085,0.1192209
0.06342874,0.7739282,0.1240051
0.07234946,0.7832909,0.1279549
0.08133669,0.7919869,0.1321702
0.09044047,0.8014486,0.1375811
0.09858052,0.8100477,0.1433897
0.1087584,0.8215306,0.1508725
0.1186265,0.8318308,0.157393
0.1288107,0.8431237,0.1633828
0.1391607,0.8533016,0.1685067
0.1482012,0.8634859,0.172204
0.1580866,0.8731012,0.1743225
0.1666416,0.8822057,0.1727987
0.1757805,0.8917835,0.171438
0.183275,0.9018006,0.1699321
0.1910857,0.9112486,0.1672163
0.1989131,0.919102,0.1630668
0.2065338,0.9267128,0.1610066
0.2134289,0.936929,0.1624811
0.2195684,0.9526852,0.1672188
0.2272509,0.9650794,0.1713083
0.2333364,0.9711962,0.1724482
0.2380504,0.974642,0.1731992
0.2419723,0.9761003,0.1736403
0.2448016,0.9754775,0.1738266
0.2459112,0.9747518,0.1728381
0.2459316,0.9746895,0.1707165
0.245307,0.9740403,0.1696905
0.2442608,0.9724357,0.1688817
0.2429927,0.9702327,0.1683614
0.2411002,0.967006,0.1680404
0.2386513,0.9624847,0.1668811
0.2360234,0.9562126,0.1650054
0.2333784,0.947283,0.161738
0.2306146,0.9395804,0.1588645
0.2279152,0.9290183,0.1567978
0.225623,0.920954,0.1554492
0.222484,0.9119518,0.1538526
0.2195134,0.90074,0.1542141
0.2165074,0.891979,0.15562
0.2120865,0.8857678,0.1570538
0.2069474,0.882832,0.1587247
0.2069474,0.882832,0.1587247
0.2069474,0.882832,0.1587247
0.2069474,0.882832,0.1587247
0.2069474,0.882832,0.1587247
0.2069474,0.882832,0.1587247
0.2069474,0.882832,0.1587247
0.2069474,0.882832,0.1587247
0.2069474,0.882832,0.1587247
0.2069474,0.882832,0.1587247
0.2069474,0.882832,0.1587247
0.2069474,0.882832,0.1587247
0.2069474,0.882832,0.1587247
0.2069474,0.882832,0.1587247
0.1854719,0.8776985,0.2069666
0.1992263,0.9205173,0.1913134
0.2077252,0.9348899,0.1772427
0.2150968,0.9346213,0.1879168
0.2211368,0.9406698,0.1986157
0.220485,0.9488646,0.1979586
0.2164519,0.9603055,0.1893078
0.2131406,0.9711094,0.1812491
0.2105203,0.981525,0.1739921
0.2078516,0.9892128,0.1681552
0.2050856,0.995832,0.1642346
0.201015,1.003081,0.1597587
0.1976389,1.008862,0.1571104
0.1948449,1.014752,0.1561771
0.1928639,1.019395,0.1566842
0.1907965,1.02424,0.1575792
0.188639,1.028169,0.1569812
0.185617,1.030592,0.1542387
0.1820146,1.031062,0.1493497
0.1787235,1.029912,0.1449616
0.1753332,1.024156,0.1382037
0.1741141,1.018179,0.1316789
0.1746786,1.012881,0.1255402
0.1751936,1.012118,0.124281
0.1756129,1.011258,0.1235179
0.1759552,1.010577,0.1229873
0.1762239,1.009936,0.1225529
0.1763354,1.009308,0.1221319
0.176475,1.008853,0.1218162
0.1766565,1.008348,0.1214939
0.1768044,1.007693,0.121025
0.1770141,1.006863,0.1206421
0.1771553,1.006158,0.1201714
0.1771553,1.005485,0.1197648
0.1771671,1.005001,0.1194646
0.1771764,1.004668,0.1192152
0.1770822,1.004384,0.1187034
0.1771451,1.004266,0.118207
0.1771386,1.004225,0.1174558
0.1775138,1.003926,0.1160363
0.1782051,1.004109,0.1141143
0.1789543,1.004673,0.1120789
0.1801525,1.005421,0.1100854
0.1813635,1.006891,0.1072717
0.1829593,1.008386,0.1043466
0.1851902,1.009413,0.1002657
0.1875577,1.010479,0.09599511
0.1898707,1.010701,0.09175311
0.1925313,1.011056,0.08673574
0.1953572,1.011309,0.08229683
0.1987417,1.011349,0.07755499
0.2010368,1.011174,0.07425065
0.2038024,1.011295,0.06991486
0.2062239,1.011355,0.06537722
0.2091124,1.011471,0.05902626
0.2110156,1.011794,0.05479671
0.2129871,1.012036,0.05078126
0.2150646,1.01222,0.04668094
0.2169452,1.01241,0.04339264
0.2192385,1.012406,0.03957097
0.2209691,1.012695,0.03594154
0.2226788,1.012712,0.03278019
0.224274,1.01262,0.03060481
0.2256459,1.012344,0.02860047
0.2267501,1.012589,0.0266671
0.2275712,1.013033,0.02552457
0.2281578,1.013476,0.02449156
0.2287886,1.013943,0.02357756
0.2293897,1.014676,0.02275343
0.2294652,1.016049,0.02130918
0.2293968,1.016581,0.02084221
0.2290258,1.017219,0.02116457
0.2282568,1.017488,0.02194409
0.2277751,1.013865,0.02215664
0.2275633,1.009064,0.02338709
0.2279029,1.004378,0.02373691
0.2276029,1.001951,0.02414967
0.2271993,1.00017,0.02521265
0.2267471,0.9989193,0.02603827
0.2257619,0.9988145,0.02731515
0.2251973,0.9983056,0.028338
0.224431,0.9984172,0.02933662
0.2239542,0.9973471,0.02835028
0.2235844,0.9964233,0.02688165
0.2227319,0.9956365,0.02538122
0.2215939,0.9945758,0.02419694
0.2199504,0.9931961,0.02285214
0.2183664,0.9913922,0.02237199
0.2166333,0.9885543,0.02148783
0.2152132,0.9862488,0.02098326
0.2140571,0.9842573,0.02035944
0.2133257,0.9822291,0.01989815
0.2127027,0.9797329,0.01970537
0.2121723,0.9777837,0.01986839
0.2124159,0.9759429,0.01970716
0.2127252,0.9738079,0.02026019
0.213171,0.9720172,0.0217597
0.2143854,0.9700574,0.02476002
0.2162972,0.9693796,0.02916524
0.2162972,0.9693796,0.02916524
0.2162972,0.9693796,0.02916524
0.2162972,0.9693796,0.02916524
0.2162972,0.9693796,0.02916524
0.2162972,0.9693796,0.02916524
0.2162972,0.9693796,0.02916524
0.2162972,0.9693796,0.02916524
0.2162972,0.9693796,0.02916524
0.2162972,0.9693796,0.02916524
0.2162972,0.9693796,0.02916524
0.2162972,0.9693796,0.02916524
0.2162972,0.9693796,0.02916524
0.2162972,0.9693796,0.02916524
0.2162972,0.9693796,0.02916524
0.2162972,0.9693796,0.02916524
0.2162972,0.9693796,0.02916524
0.2162972,0.9693796,0.02916524
0.2162972,0.9693796,0.02916524
0.2162972,0.9693796,0.02916524
0.2162972,0.9693796,0.02916524
0.2162972,0.9693796,0.02916524
0.2162972,0.9693796,0.02916524
0.2162972,0.9693796,0.02916524
0.2162972,0.9693796,0.02916524
0.2162972,0.9693796,0.02916524
0.2162972,0.9693796,0.02916524
0.2162972,0.9693796,0.02916524
0.2162972,0.9693796,0.02916524
0.2162972,0.9693796,0.02916524
0.2162972,0.9693796,0.02916524
0.2162972,0.9693796,0.02916524
0.2162972,0.9693796,0.02916524
0.2162972,0.9693796,0.02916524
0.2162972,0.9693796,0.02916524
0.2162972,0.9693796,0.02916524
0.2162972,0.9693796,0.02916524
0.2162972,0.9693796,0.02916524
0.2162972,0.9693796,0.02916524
0.2162972,0.9693796,0.02916524
0.2162972,0.9693796,0.02916524
0.2162972,0.9693796,0.02916524
0.2162972,0.9693796,0.02916524
0.2162972,0.9693796,0.02916524
0.2162972,0.9693796,0.02916524
0.2162972,0.9693796,0.02916524
0.2162972,0.9693796,0.02916524
0.2162972,0.9693796,0.02916524
0.2162972,0.9693796,0.02916524
0.2162972,0.9693796,0.02916524
0.2162972,0.9693796,0.02916524
0.2162972,0.9693796,0.02916524
0.2162972,0.9693796,0.02916524
0.2162972,0.9693796,0.02916524
0.2162972,0.9693796,0.02916524
0.2162972,0.9693796,0.02916524
0.2162972,0.9693796,0.02916524
0.2162972,0.9693796,0.02916524
0.2162972,0.9693796,0.02916524
0.2162972,0.9693796,0.02916524
0.2162972,0.9693796,0.02916524
0.2162972,0.9693796,0.02916524
0.2162972,0.9693796,0.02916524
0.2162972,0.9693796,0.02916524
0.2619153,0.9675341,0.02521856
0.2650599,0.9653509,0.02502041
0.2636206,0.9668363,0.02728879
0.2610415,0.9691625,0.03180473
0.2572052,0.9725578,0.03916158
0.2526323,0.9750761,0.0486946
0.2461733,0.9770806,0.05605187
0.2402251,0.9785255,0.06110363
0.2348887,0.9793647,0.06579851
0.2284111,0.9800559,0.0715131
0.2217729,0.9802383,0.07716759
0.2157496,0.9797785,0.08339433
0.2114767,0.9798983,0.08952831
0.206429,0.979652,0.09534048
0.2011447,0.9803887,0.1009271
0.195655,0.9796425,0.1064756
0.1910411,0.981355,0.1114223
0.1875779,0.9824827,0.1158961
0.1844826,0.9847124,0.1213448
0.181558,0.9865368,0.1264268
0.1785999,0.9879305,0.1305846
0.1749162,0.9882573,0.1345597
0.1712997,0.9877027,0.1373454
0.1673561,0.9872931,0.1399296
0.1635057,0.987399,0.1425205
0.1592705,0.9871019,0.143367
0.1558103,0.9869455,0.142938
0.1529925,0.9865125,0.1420265
0.1495057,0.9850479,0.1395802
0.1468674,0.9835839,0.1370981
0.1451742,0.9813669,0.1344559
0.1445341,0.9793485,0.1330592
0.1442119,0.9776382,0.1326688
0.1439756,0.9772201,0.1325791
0.1437413,0.9774023,0.1323416
0.1444539,0.9767371,0.1295357
0.1454322,0.9757155,0.1265895
0.1461039,0.9743169,0.1241044
0.147336,0.9729274,0.1206065
0.1493809,0.9706022,0.1161242
0.152215,0.9674297,0.1120323
0.1540878,0.965411,0.109091
0.1552731,0.9650146,0.1072014
0.155933,0.9649959,0.1062412
0.1560535,0.9649013,0.1064872
0.1571804,0.9635882,0.1059212
0.1581353,0.9632037,0.1048468
0.1585243,0.9639094,0.104248
0.1588948,0.964932,0.1034402
0.1600328,0.9654668,0.1012885
0.1612982,0.9649721,0.1004628
0.1629458,0.964439,0.0992776
0.1649598,0.9632767,0.09763049
0.167567,0.9625346,0.0949804
0.1700392,0.9617447,0.09344952
0.1724033,0.9617431,0.09146462
0.1740473,0.9628873,0.08987193
0.1758839,0.9640899,0.08829384
0.1775728,0.9653497,0.08597152
0.1800126,0.9662433,0.08407556
0.1823839,0.9680815,0.08109085
0.1851127,0.9694903,0.07782845
0.1876333,0.9703072,0.07478838
0.1905605,0.971538,0.07061516
0.1939594,0.9722031,0.06608145
0.197357,0.9722412,0.06172128
0.200762,0.9720157,0.05767445
0.2038566,0.971523,0.05436538
0.2080708,0.9698573,0.04934162
0.211936,0.9688395,0.04470524
0.2150111,0.9678411,0.04117456
0.2182891,0.9668005,0.03748627
0.2211727,0.9662877,0.03393687
0.22446,0.966184,0.03055052
0.2275217,0.9660985,0.02720797
0.2302805,0.9661503,0.02452868
0.232783,0.9664422,0.02252172
0.2351445,0.966318,0.02047397
0.2378047,0.9658914,0.01842262
0.2393794,0.9657481,0.01684922
0.241059,0.9655994,0.01549385
0.242102,0.9656027,0.01457359
0.2426786,0.9653478,0.01424862
0.2431722,0.9656708,0.01468794
0.2432526,0.9652646,0.01567675
0.2429562,0.9648593,0.01684348
0.2427176,0.9642335,0.01833443
0.2421944,0.9637731,0.01998845
0.241949,0.9630218,0.02225702
0.241847,0.9621671,0.02426621
0.2415296,0.9608932,0.02626123
0.2411954,0.9596178,0.02793433
0.2410065,0.9580215,0.02915964
0.2404711,0.9564472,0.03053652
0.2400662,0.955559,0.03068836
0.2396386,0.955082,0.03070137
0.2389471,0.9553791,0.03048544
0.2382663,0.9566177,0.02973863
0.2369104,0.95877,0.02811633
0.2361229,0.960322,0.02565977
0.235281,0.9615459,0.02338777
0.2341496,0.9625891,0.02101268
0.2321281,0.963675,0.01747353
0.2302109,0.9642263,0.01409797
0.2284832,0.9645451,0.01030533
0.2265395,0.9645727,0.006983891
0.2242788,0.9645259,0.003737301
0.2217368,0.964397,0.0002305061
0.2181112,0.9637325,-0.003782019
0.2145065,0.9626647,-0.007385403
0.2113981,0.9613033,-0.01012824
0.2076849,0.9594679,-0.01313211
0.2036075,0.9574102,-0.01573703
0.1986119,0.9555398,-0.01835875
0.1944335,0.9541779,-0.01999657
0.1902128,0.952719,-0.02125253
0.1856966,0.9511858,-0.02249487
0.180855,0.9495447,-0.02363361
0.175908,0.9474762,-0.0247509
0.170961,0.9455808,-0.02595919
0.1667652,0.944037,-0.02663098
0.1618927,0.9423481,-0.0271516
0.1557729,0.9400554,-0.02764745
0.1506359,0.9384601,-0.02779983
0.1454234,0.9369275,-0.02792454
0.1412086,0.9356151,-0.02816737
0.136478,0.93378,-0.02877903
0.131502,0.9320651,-0.02886358
0.1266978,0.9304443,-0.02897909
0.1220921,0.9292163,-0.02890584
0.1182031,0.9284511,-0.02849786
0.1134004,0.9274984,-0.02794863
0.1087507,0.9265048,-0.02700758
0.1041654,0.9256485,-0.02625173
0.1002447,0.9249397,-0.02553709
0.09671262,0.9241186,-0.02477843
0.09328824,0.9236436,-0.02411239
0.0897703,0.9232832,-0.0234995
0.08691114,0.9232274,-0.0228674
0.08473216,0.9233789,-0.02222104
0.08244385,0.9235919,-0.02127598
0.08008491,0.9240418,-0.02026199
0.07738894,0.9239723,-0.01934473
0.07463096,0.9243843,-0.01843604
0.07268435,0.9245461,-0.01770522
0.07106502,0.9246694,-0.01731928
0.06938812,0.9248124,-0.01702008
0.06745543,0.9247556,-0.0167678
0.0660605,0.9248849,-0.01616897
0.06482394,0.9248547,-0.01568438
0.06367987,0.9248129,-0.01540378
0.06224699,0.9243767,-0.01506822
0.0608937,0.9241356,-0.01430005
0.05972455,0.9236572,-0.01355483
0.0585193,0.9230443,-0.01283625
0.05750996,0.922464,-0.01217882
0.05612759,0.9218358,-0.01109187
0.05456884,0.9210719,-0.009924188
0.05308011,0.9203437,-0.008938476
0.05184479,0.9197467,-0.008074358
0.0500986,0.9193303,-0.006937459
0.04862475,0.9186544,-0.006087348
0.04655804,0.9176868,-0.004828498
0.04464868,0.9170035,-0.004402563
0.0427867,0.9162162,-0.003685936
0.04092866,0.915422,-0.002824619
0.0384787,0.9142275,-0.001546994
0.03565277,0.9129673,-0.0001271367
0.03289664,0.9118271,0.0007543117
0.03029567,0.9105312,0.001685813
0.02804439,0.9093085,0.002341792
0.02496913,0.9075446,0.003280088
0.021878,0.9065877,0.00406839
0.01932468,0.9053186,0.004711166
0.0166683,0.9038764,0.005556434
0.01418601,0.90266,0.005962268
0.0115242,0.9012609,0.006794468
0.008903891,0.9002867,0.007420912
0.006602123,0.8989365,0.007075772
0.004750013,0.8976253,0.007088095
0.002797633,0.8960596,0.007394478
0.0007117689,0.895157,0.007341012
-0.0009682178,0.8941148,0.007331237
-0.002676174,0.8920978,0.008073583
-0.003804982,0.8907692,0.008156955
-0.005181611,0.8893612,0.008280963
-0.007089153,0.8886903,0.008958951
-0.009971648,0.8879746,0.01035024
-0.01231605,0.8875239,0.01149242
-0.01435153,0.8867896,0.01263838
-0.01642625,0.8856218,0.01387002
-0.01908998,0.8846884,0.01482765
-0.02180482,0.8845816,0.01593368
-0.02353154,0.8844873,0.01651402
-0.02513717,0.8839901,0.01703778
-0.0265854,0.8833931,0.01720528
-0.028207,0.8828245,0.01813363
-0.03112881,0.882593,0.01936893
-0.03292786,0.8821593,0.01996075
-0.03457363,0.8813059,0.02042271
-0.03703468,0.8807002,0.02164842
-0.03965424,0.8800905,0.02278669
-0.04097183,0.8796394,0.02308948
-0.04302646,0.8793951,0.02402504
-0.04485084,0.8795388,0.02475604
-0.04649781,0.8794408,0.02533202
-0.04827185,0.879695,0.02565992
-0.05040871,0.8794766,0.02651428
-0.05214529,0.8793901,0.02731811
-0.05337967,0.8789077,0.02795283
-0.05528115,0.8790837,0.02902211
-0.05819948,0.8790222,0.03013329
-0.06059845,0.879242,0.03135405
-0.06237088,0.8791283,0.03205393
-0.0638281,0.8789867,0.03299089
-0.06658347,0.8787819,0.03408583
-0.06942911,0.878857,0.03514491
-0.07183845,0.8790587,0.03642611
-0.07346876,0.8789909,0.03749494
-0.07513614,0.8790286,0.03833482
-0.07750539,0.8788219,0.03974167
-0.08019646,0.8786965,0.0412607
-0.08230339,0.8786529,0.04224677
-0.08378814,0.8784228,0.04318896
-0.08431427,0.8778325,0.043687
-0.08464001,0.8774124,0.04414891
-0.08621074,0.8775418,0.04472949
-0.08739661,0.8778165,0.04531722
-0.08870147,0.877647,0.04607601
-0.08941625,0.8776038,0.04666896
-0.09060626,0.8777419,0.04788689
-0.09195898,0.8777506,0.04883286
-0.09291272,0.8781863,0.04964364
-0.09386654,0.878774,0.05040281
-0.09545808,0.8793644,0.05177782
-0.0979258,0.8801518,0.05321144
-0.0991372,0.8810404,0.05396564
-0.09955181,0.8815895,0.05446117
-0.1000661,0.8823686,0.05527751
-0.1009168,0.8834029,0.05623172
-0.1017716,0.8839292,0.05701859
-0.1022159,0.88407,0.05797814
-0.1024358,0.8846586,0.05849157
-0.1025377,0.8851767,0.05891649
-0.1028868,0.8862414,0.05953757
-0.1037127,0.8873739,0.06020381
-0.1058595,0.8883083,0.06116669
-0.1071885,0.8891554,0.06210484
-0.1083463,0.8898907,0.0629503
-0.1087417,0.8906348,0.06361385
-0.1088553,0.8916991,0.0642554
-0.1080038,0.8928551,0.06421588
-0.1086128,0.8937169,0.06479399
-0.1108078,0.8956035,0.06609
-0.1119899,0.896629,0.06678341
-0.1129493,0.8974777,0.0673099
-0.113585,0.8985177,0.06746595
-0.113521,0.8990193,0.06730635
-0.1137272,0.9002298,0.0672103
-0.1144522,0.9016344,0.06727399
-0.1155552,0.9032395,0.06730254
-0.1170923,0.90662,0.06730221
-0.1171878,0.9098497,0.06638838
-0.1183044,0.9136849,0.06643464
-0.1185546,0.9181533,0.06586267
-0.1189116,0.9233817,0.06501706
-0.1185676,0.9290156,0.06386836
-0.1188478,0.9356678,0.06267987
-0.1181357,0.9411402,0.0610237
-0.117419,0.9461463,0.05919473
-0.1163675,0.9514232,0.05687429
-0.1151466,0.9583169,0.05378674
-0.1148874,0.9653178,0.05189498
-0.1147622,0.9738019,0.04967333
-0.1140787,0.979395,0.04717299
-0.1138351,0.9854978,0.04528639
-0.1146443,0.990619,0.0449464
-0.114646,0.9947909,0.04446776
-0.1146661,0.9973792,0.0446267
-0.1150028,0.9982129,0.04514007
-0.114432,0.9981952,0.04454188
-0.1143215,0.9964996,0.04306731
-0.1154903,0.9936822,0.0423159
-0.1150032,0.9901381,0.03954643
-0.1148714,0.9874788,0.03751023
-0.1150719,0.9853132,0.03561442
-0.1152559,0.9829682,0.03418721
-0.1144684,0.9810236,0.03153341
-0.1135736,0.9796969,0.02882521
-0.1131216,0.978571,0.02681842
-0.1142459,0.977619,0.02565779
-0.1153918,0.9774743,0.02493556
-0.1162644,0.9769202,0.02306664
-0.116261,0.9768155,0.02024217
-0.116262,0.9774955,0.01698951
-0.1167698,0.9788104,0.01372333
-0.116925,0.9789401,0.01139393
-0.11682,0.9780484,0.009261802
-0.1166333,0.9767385,0.007374853
-0.1164124,0.975632,0.005921379
-0.115375,0.9751273,0.004850119
-0.1149225,0.9741002,0.004857197
-0.115429,0.9724997,0.006618038
-0.1155532,0.9709467,0.008983031
-0.1151321,0.9696544,0.01257436
-0.1151705,0.9688137,0.01670898
-0.1156244,0.9679424,0.01899639
-0.1161684,0.9668654,0.02187178
-0.1164927,0.9658008,0.02484028
-0.1165334,0.9653671,0.02691175
-0.1168117,0.9650448,0.02899058
-0.1172446,0.9645932,0.03224561
-0.1178726,0.9638839,0.03611127
-0.1178222,0.964613,0.03973934
-0.1174412,0.9654036,0.04284212
-0.1173433,0.9660783,0.0454535
-0.1171613,0.9670754,0.04871492
-0.1171825,0.9683117,0.05179302
-0.116725,0.9695838,0.05444501
-0.1168539,0.9702718,0.05685453
-0.1169456,0.9716285,0.06013976
-0.1175994,0.9727868,0.06307344
-0.1175981,0.9744232,0.06611119
-0.1178196,0.9759489,0.06711112
-0.1180002,0.9773851,0.06840454
-0.1176884,0.9799631,0.06924094
-0.1175107,0.9827322,0.06917451
-0.1170009,0.9854935,0.06876819
-0.1166306,0.9877664,0.0682203
-0.1160893,0.9901899,0.06733809
-0.115868,0.993274,0.06618105
-0.1145901,0.9961202,0.06391303
-0.1140925,0.9989594,0.06182133
-0.1133206,1.001494,0.05928122
-0.1125072,1.00406,0.05611886
-0.1122323,1.006369,0.05299662
-0.1107256,1.009733,0.04831143
-0.1113483,1.011121,0.04426552
-0.1111292,1.012812,0.04069452
-0.1108212,1.013799,0.03670278
-0.1104204,1.014526,0.03212525
-0.1098808,1.015662,0.02759993
-0.1086287,1.015827,0.02272438
-0.1079459,1.015759,0.01868623
-0.1073002,1.015218,0.0149119
-0.1060945,1.01398,0.009473264
-0.1052836,1.012853,0.005520284
-0.1046936,1.010889,0.001767129
-0.1040329,1.009655,-0.001318112
-0.1035051,1.008085,-0.004211277
-0.1024622,1.006247,-0.007905558
-0.1025385,1.003918,-0.009812742
-0.1024034,1.001843,-0.01118909
-0.1020401,0.9996243,-0.01236878
-0.1015128,0.9967769,-0.01355782
-0.1009645,0.9935643,-0.01423815
-0.100615,0.9898258,-0.01414131
-0.1003371,0.9866145,-0.01386292
-0.1004358,0.9835866,-0.01313159
-0.100656,0.9801677,-0.0119742
-0.1005373,0.9761471,-0.01061352
-0.1008968,0.9724563,-0.008412555
-0.1012649,0.969532,-0.006289288
-0.1016677,0.9663197,-0.003477857
-0.1024018,0.9630514,1.002848E-05
-0.1034613,0.9596723,0.004437968
-0.103965,0.9572681,0.00879088
-0.1044555,0.9553408,0.01229061
-0.1044359,0.9536061,0.01606126
-0.1047108,0.9521173,0.02006838
-0.1057921,0.9509159,0.02519821
-0.1059436,0.9508397,0.02917428
-0.1060324,0.9511816,0.03253005
-0.1058798,0.9517178,0.03598736
-0.1056099,0.9534094,0.03906186
-0.1046612,0.9556227,0.04157908
-0.1040442,0.9576371,0.04321645
-0.1036513,0.9600592,0.0448834
-0.1029377,0.9629644,0.04534705
-0.1020834,0.9662212,0.04668118
-0.1017274,0.970497,0.04654358
-0.1008558,0.974511,0.04623309
-0.09968723,0.9785648,0.04561339
-0.09838895,0.9827519,0.04432268
-0.0971479,0.9887107,0.04229033
-0.09542696,0.9928897,0.04011156
-0.0943325,0.9983831,0.0378304
-0.09270887,1.002787,0.03577428
-0.09077166,1.006909,0.03344811
-0.08872078,1.011088,0.03149934
-0.08611496,1.014032,0.02933522
-0.08365284,1.016469,0.02717651
-0.08133559,1.017803,0.02492878
-0.07896422,1.018908,0.02235843
-0.07596384,1.019194,0.01944332
-0.07285316,1.018563,0.01630467
-0.07058369,1.017105,0.01345356
-0.06845923,1.015028,0.0112042
-0.06644271,1.012391,0.009077787
-0.0643314,1.007601,0.006592184
-0.06298803,1.003506,0.005160913
-0.06192248,0.9984816,0.003811315
-0.06125362,0.9934209,0.002633944
-0.06040947,0.9872685,0.001112387
-0.0600412,0.9795955,-0.0004842579
-0.06021433,0.9726071,-0.001514003
-0.06042199,0.9655477,-0.00235115
-0.06062399,0.958407,-0.002840474
-0.06097598,0.9505463,-0.003050104
-0.06209923,0.9407294,-0.003283247
-0.06322454,0.9334738,-0.00313662
-0.064418,0.9262825,-0.002802134
-0.06564243,0.9185637,-0.002490625
-0.06702484,0.9102171,-0.002098039
-0.06777863,0.9020844,-0.002293304
-0.06878383,0.8957972,-0.001804233
-0.06975739,0.8898357,-0.001544192
-0.0706176,0.8831685,-0.0005023926
-0.0716695,0.8767844,0.0001882166
-0.07247107,0.8713508,0.001239404
-0.07281063,0.8663514,0.002022266
-0.07340102,0.8628276,0.002557889
-0.07376416,0.8593114,0.003485397
-0.07404222,0.8562866,0.004445508
-0.07456617,0.8543611,0.005378887
-0.07520692,0.8532344,0.006144658
-0.07589309,0.8523421,0.006881014
-0.07626094,0.8516071,0.007582918
-0.07633938,0.851265,0.008387312
-0.0768237,0.851273,0.009312481
-0.07736163,0.8512784,0.0105008
-0.07792167,0.8517837,0.01144959
-0.07840709,0.8531993,0.01172827
-0.0795951,0.8544231,0.01240435
-0.08059452,0.8559609,0.01277764
-0.0809222,0.8579894,0.01284169
-0.08152826,0.8598707,0.01312469
-0.0822867,0.861825,0.01316409
-0.0831802,0.8649089,0.01252335
-0.08433817,0.8680492,0.0124131
-0.08569764,0.8704295,0.01249884
-0.08695363,0.8727158,0.01251738
-0.08881365,0.8754292,0.01227461
-0.09119855,0.8780831,0.0126926
-0.09308286,0.8811684,0.01273157
-0.09444086,0.8832229,0.01263551
-0.09623118,0.8853267,0.01250085
-0.0979258,0.8868554,0.01271175
-0.09961204,0.8890033,0.01267244
-0.10173,0.8903702,0.01294474
-0.103784,0.891619,0.01307724
-0.1052412,0.8925082,0.01283453
-0.1063071,0.893383,0.01164855
-0.107754,0.8952132,0.01027665
-0.1093238,0.8952866,0.01001495
-0.1104024,0.8945614,0.009509966
-0.1109723,0.8941172,0.009343401
-0.111453,0.8939157,0.008914396
-0.1117585,0.8943129,0.008784339
-0.110829,0.8939136,0.008848891
-0.109952,0.8933521,0.009424314
-0.1085524,0.8934763,0.009445235
-0.1071653,0.8937295,0.009587243
-0.1048235,0.8932946,0.009987086
-0.1025435,0.894473,0.009659931
-0.1000814,0.895402,0.009311602
-0.09773205,0.8953921,0.008927941
-0.09486704,0.8960355,0.008391604
-0.09218653,0.8967529,0.008048028
-0.0895447,0.8977643,0.007068679
-0.08690287,0.8982876,0.006509349
-0.08353804,0.8982545,0.006242961
-0.08019643,0.8985005,0.005622357
-0.07675897,0.8993493,0.005650207
-0.07435806,0.8999181,0.006331921
-0.07237117,0.9004284,0.007297128
-0.07036178,0.9006925,0.008257329
-0.06876756,0.9011901,0.009684518
-0.06724451,0.9016024,0.01145162
-0.06654204,0.9018019,0.01270606
-0.06587104,0.9017702,0.01391737
-0.06549291,0.9016145,0.01461722
-0.06548838,0.9017995,0.01579873
-0.06597273,0.9016846,0.01662323
-0.06635074,0.9008072,0.01737396
-0.06691878,0.8995298,0.01816668
-0.06750529,0.8981491,0.01865961
-0.0682752,0.8970142,0.01883964
-0.06935082,0.8960629,0.01865317
-0.07077156,0.8949655,0.01836072
-0.07152148,0.8939,0.01798896
-0.0725158,0.8931769,0.01714811
-0.07354324,0.8931282,0.01593281
-0.07411419,0.8933968,0.01405959
-0.07471023,0.8942683,0.01188076
-0.07499905,0.8948186,0.009798244
-0.0753269,0.8952757,0.007039115
-0.07560562,0.8954938,0.003826216
-0.07593922,0.8964496,-0.0008580834
-0.07612632,0.8974736,-0.004208654
-0.076133,0.8986973,-0.007895082
-0.07624154,0.9006811,-0.01181197
-0.07629435,0.902448,-0.01550712
-0.07658838,0.903524,-0.01847871
-0.07742397,0.9045327,-0.02015765
-0.07865892,0.9053054,-0.02145167
-0.08000945,0.905793,-0.02236742
-0.08171479,0.9061266,-0.02253583
-0.08296548,0.9059039,-0.02141841
-0.08438574,0.905654,-0.01957624
-0.08649145,0.9055658,-0.01772077
-0.08888878,0.905691,-0.01496038
-0.09110452,0.9057215,-0.0114608
-0.09232669,0.9058488,-0.007469878
-0.09285824,0.905526,-0.003419399
-0.09353779,0.9054682,0.0007672459
-0.09364061,0.9054421,0.006358758
-0.09422447,0.9054411,0.01165029
-0.09488715,0.9060174,0.01715009
-0.09490065,0.9060453,0.02113996
-0.0948842,0.9059785,0.02565406
-0.09406956,0.9061719,0.02956484
-0.09349237,0.9062524,0.03345515
-0.09357123,0.9057794,0.03670122
-0.09325074,0.9048012,0.0391525
-0.09324451,0.9039622,0.04217575
-0.093033,0.9021102,0.04424445
-0.0932221,0.9003034,0.04603
-0.09305282,0.898076,0.0470359
-0.09254558,0.895243,0.0476826
-0.09199606,0.8916537,0.04735413
-0.09129883,0.8875292,0.04730339
-0.09098186,0.8826385,0.04576369
-0.09022526,0.8794114,0.04393265
-0.09015577,0.8760911,0.04183818
-0.0901037,0.8727232,0.03986856
-0.08993234,0.8685725,0.03788401
-0.09009038,0.8655768,0.03550951
-0.09016351,0.8626106,0.03374289
-0.09001349,0.8593381,0.03176959
-0.0895,0.8563452,0.02998121
-0.08824773,0.8532329,0.02838489
-0.08711229,0.8500553,0.02752833
-0.08604865,0.8477259,0.02709623
-0.08470665,0.845244,0.02657489
-0.08289371,0.8420215,0.02636327
-0.08034058,0.8383401,0.02650042
-0.0783603,0.8343483,0.02742134
-0.0762013,0.8301144,0.02859108
-0.0745851,0.8261879,0.03011371
-0.07244454,0.8215004,0.03180121
-0.07017232,0.8148189,0.03481157
-0.06787871,0.8090327,0.03702492
-0.06572376,0.802577,0.03921284
-0.06353699,0.7964352,0.04143903
-0.06107293,0.789774,0.04328664
-0.05898763,0.7818094,0.04566385
-0.05694588,0.7760368,0.04722433
-0.05500843,0.7706311,0.04840876
-0.05366372,0.7653764,0.04954042
-0.05171765,0.7597428,0.05065848
-0.04939894,0.7513145,0.05223261
-0.04748,0.7460105,0.05299227
-0.04586618,0.7407482,0.05395238
-0.04447769,0.7360986,0.05500944
-0.04287432,0.7304266,0.05649124
-0.0417807,0.7259446,0.05754144
-0.04099171,0.7228184,0.05887802
-0.04023163,0.7204717,0.06008594
-0.03981529,0.7193254,0.06098343
-0.03912075,0.7187479,0.06201442
-0.03911443,0.7203496,0.06335722
-0.03930964,0.7235377,0.06486957
-0.03970255,0.7273582,0.06643789
-0.04065914,0.7333248,0.06740735
-0.0416965,0.7414084,0.06841625
-0.04238068,0.7504416,0.06952228
-0.04325058,0.7609907,0.07087289
-0.04424907,0.7687359,0.07159509
-0.04545738,0.7786132,0.07190038
-0.04607581,0.7889469,0.07108508
-0.04731502,0.8001911,0.07006405
-0.04848473,0.8105009,0.06910591
-0.04964946,0.8186277,0.06833018
-0.05089371,0.8278804,0.06718735
-0.05275743,0.8371447,0.06608377
-0.05491464,0.8461794,0.06467168
-0.05702068,0.8533416,0.06303303
-0.05905037,0.8608163,0.06129341
-0.06124906,0.8678623,0.05916665
-0.06384139,0.8757306,0.05576967
-0.06620573,0.8832896,0.05271871
-0.06799431,0.8891686,0.05003171
-0.07024194,0.8947907,0.04728888
-0.07220264,0.9006894,0.04419185
-0.07529788,0.9070559,0.0406857
-0.07735993,0.9122472,0.03745115
-0.07900546,0.9166239,0.0347705
-0.08039014,0.9207357,0.03253819
-0.08163641,0.9248168,0.03024285
-0.08333074,0.9292658,0.02781825
-0.08450405,0.9333151,0.02550296
-0.08598183,0.9362065,0.02383547
-0.08761413,0.9389041,0.02282317
-0.08937816,0.9413427,0.02137555
-0.09184928,0.9436844,0.01982936
-0.09421568,0.9448707,0.01777266
-0.0960799,0.9459105,0.01614748
-0.09819345,0.9465428,0.01427515
-0.1002867,0.9461074,0.01250836
-0.1011258,0.9462206,0.009683028
-0.1030491,0.9443164,0.008589372
-0.1039496,0.9431611,0.007379785
-0.1041835,0.942899,0.006639168
-0.1040536,0.9430032,0.005705684
-0.1039623,0.9426358,0.00576517
-0.1043233,0.9419755,0.006517023
-0.1039272,0.9416988,0.007332027
-0.1025915,0.9415517,0.008211449
-0.1016274,0.9408689,0.01013868
-0.09999017,0.9392266,0.01189174
-0.09892251,0.9379173,0.01305203
-0.09840764,0.9357162,0.01442426
-0.09763758,0.9333439,0.01527949
-0.09754167,0.9308411,0.0159276
-0.09645383,0.9272633,0.01612844
-0.09672837,0.9237929,0.01647599
-0.09645681,0.9205738,0.01634355
-0.09625386,0.9165419,0.01605098
-0.09547706,0.911662,0.01560448
-0.09493645,0.9081901,0.01499838
-0.09462516,0.9051445,0.01419975
-0.09445725,0.9028521,0.01395796
-0.09459846,0.9012458,0.01393183
-0.09437434,0.8994785,0.01351546
-0.09402622,0.8978758,0.01382281
-0.09398018,0.8963593,0.01410505
-0.09374367,0.895047,0.01412736
-0.09349369,0.8938213,0.01402462
-0.09293275,0.892607,0.01361936
-0.09213053,0.892149,0.01329896
-0.09144352,0.8920699,0.0126356
-0.09130283,0.8926025,0.01249163
-0.09108029,0.8934088,0.01220955
-0.09089573,0.8948532,0.01194687
-0.09067129,0.897058,0.01199032
-0.09030716,0.8991049,0.01213469
-0.08989136,0.9015436,0.01238202
-0.08961765,0.9042349,0.01288535
-0.08860601,0.9071957,0.01363765
-0.08829333,0.9091287,0.01431154
-0.08819406,0.9108772,0.01470082
-0.08819841,0.9122422,0.01494087
-0.0880347,0.9135268,0.0146579
-0.08895449,0.9133974,0.01467811
-0.0891975,0.9120007,0.01450934
-0.08928703,0.9099553,0.01426791
-0.089092,0.9073887,0.01383196
-0.08842792,0.9044792,0.01381396
-0.08768429,0.9018968,0.01377214
-0.08656619,0.9005864,0.01421668
-0.08606546,0.9001918,0.01452178
-0.08630888,0.901356,0.01495714
-0.08681582,0.9036108,0.01545058
-0.08696626,0.9060276,0.0162745
-0.08708505,0.9086228,0.01687969
-0.08681028,0.9102977,0.01762222
-0.08661489,0.9118239,0.01798563
-0.08596246,0.913323,0.01846948
-0.08495592,0.9146269,0.01909907
-0.08356579,0.914897,0.01934631
-0.08154629,0.9148069,0.01957843
-0.07980035,0.9147461,0.02011515
-0.07719706,0.9155167,0.0204252
-0.07422955,0.9168501,0.02097118
-0.06966631,0.9184271,0.021681
-0.06568228,0.9200988,0.02273987
-0.06052805,0.9221724,0.02400841
-0.05275808,0.9242733,0.02635382
-0.04542355,0.9263216,0.02827097
-0.03716148,0.9278753,0.0309393
-0.02803773,0.9273811,0.03435645
-0.01586004,0.9258803,0.03776689
-0.008174568,0.924753,0.03907438
0.000371322,0.9242166,0.04148714
0.009144858,0.9247451,0.04417999
0.01668392,0.9258268,0.04482193
0.02487174,0.9242893,0.04418199
0.03240047,0.9227554,0.04315728
0.04030664,0.9211298,0.04273246
0.04809009,0.920985,0.0419092
0.05486386,0.921383,0.0419016
0.06217054,0.9218181,0.04238646
0.06848958,0.9229019,0.04322448
0.07518737,0.9239829,0.04427771
0.08517444,0.925834,0.04577979
0.09070253,0.9273928,0.04668948
0.09597053,0.9290536,0.04711221
0.1027664,0.9305106,0.04737522
0.1077735,0.9327484,0.04721089
0.1131442,0.9344557,0.04714681
0.1183483,0.9360438,0.04701374
0.1231776,0.9381428,0.04665662
0.1276045,0.9403825,0.04609358
0.1319694,0.9427474,0.0457219
0.1357039,0.9448038,0.04555285
0.1394414,0.9472409,0.04542284
0.1440439,0.9499149,0.04526943
0.1498865,0.953607,0.04527609
0.1553269,0.9568122,0.04515143
0.1588702,0.9593865,0.04454076
0.1639242,0.9625953,0.04432736
0.1689924,0.9654425,0.04423122
0.1731763,0.9679561,0.04377018
0.1780934,0.9708241,0.04304756
0.1829323,0.9739259,0.04136769
0.1870853,0.9761916,0.03900713
0.1907508,0.9781193,0.03682564
0.1942549,0.9798988,0.03499697
0.1981825,0.9818264,0.03310566
0.2018421,0.9835411,0.03173341
0.2053054,0.985298,0.03076717
0.208388,0.9862108,0.02986301
0.211772,0.9870982,0.02881585
0.2157758,0.9884596,0.02727054
0.2200303,0.9896377,0.0259981
0.223235,0.9906676,0.02547786
0.2260874,0.9918132,0.02472882
0.2293714,0.9930428,0.02418329
0.2325961,0.9942597,0.02388789
0.2356669,0.9955066,0.02356909
0.2379612,0.9965325,0.02309425
0.2404164,0.997907,0.02239344
0.2428207,0.9993137,0.02154566
0.2453392,1.001132,0.0203542
0.2478746,1.003174,0.01845823
0.249904,1.004783,0.01701559
0.252049,1.006322,0.01528987
0.2545959,1.008252,0.0134445
0.2574443,1.010122,0.01125398
0.2600929,1.012131,0.00930889
0.2626798,1.014284,0.007071212
0.2647406,1.016059,0.005026057
0.267083,1.018131,0.002479687
0.2678482,1.020876,0.0008914918
0.2693002,1.022533,-0.001563177
0.2704662,1.024072,-0.003771171
0.271445,1.025387,-0.005495727
0.2723561,1.026905,-0.007329598
0.2731832,1.028537,-0.009244934
0.2735937,1.029514,-0.0105958
0.2740274,1.030659,-0.01199447
0.2743903,1.031549,-0.01316154
0.2746736,1.032119,-0.01439478
0.2746725,1.032441,-0.01532421
0.2742517,1.03289,-0.01584211
0.2737849,1.033448,-0.01624323
0.273277,1.033864,-0.01662789
0.2724437,1.034262,-0.01713847
0.2717614,1.035221,-0.01764289
0.2712214,1.035722,-0.01786146
0.2709089,1.03632,-0.01802872
0.2707109,1.03696,-0.01790519
0.2705982,1.037575,-0.01751301
0.2706535,1.038234,-0.01709595
0.2706949,1.038817,-0.01659966
0.2702089,1.039303,-0.01635498
0.269864,1.04001,-0.01605582
0.2692784,1.041093,-0.01617141
0.2684348,1.042462,-0.01656447
0.2678123,1.043684,-0.01692547
0.2672082,1.044636,-0.01697561
0.2661771,1.04538,-0.01711151
0.26482,1.046136,-0.0175883
0.2634511,1.047278,-0.01799999
0.2621758,1.048207,-0.01821166
0.2608319,1.049171,-0.01782115
0.2589853,1.050035,-0.01730604
0.2570574,1.05071,-0.01654461
0.2550108,1.051008,-0.01658021
0.2531134,1.051163,-0.01623569
0.2511986,1.05163,-0.01561294
0.2491896,1.052459,-0.01429658
0.2464402,1.052605,-0.01224594
0.2432916,1.053233,-0.01075159
0.2405679,1.053578,-0.009394065
0.2376646,1.054171,-0.008421138
0.2342299,1.054959,-0.007295936
0.2311054,1.055639,-0.006128877
0.2278644,1.05579,-0.005155131
0.2250045,1.055903,-0.004347011
0.2220015,1.056086,-0.003228068
0.2191104,1.056078,-0.001713708
0.2154069,1.055449,9.535253E-05
0.2123913,1.055053,0.001949176
0.2097986,1.054819,0.003466949
0.2070418,1.054645,0.005148634
0.2044851,1.05449,0.006754279
0.2016242,1.05453,0.008311197
0.1992269,1.054515,0.009244397
0.1969819,1.054598,0.01042452
0.194888,1.054804,0.01176773
0.1925831,1.054933,0.01350833
0.1904312,1.054991,0.01489635
0.1885486,1.054937,0.01569106
0.1867852,1.054935,0.01661596
0.1852539,1.054891,0.01772331
0.1834359,1.054747,0.01892683
0.1815833,1.054476,0.02006842
0.179737,1.054021,0.02104422
0.1783506,1.053622,0.02154739
0.1768378,1.053157,0.02215384
0.1751646,1.052538,0.02267556
0.1735519,1.051826,0.02325489
0.1724088,1.051377,0.02370103
0.1713732,1.050725,0.02422594
0.1703694,1.050049,0.02475883
0.1691605,1.049526,0.02526884
0.1675034,1.048859,0.02583905
0.1664918,1.048457,0.02651593
0.1654454,1.047953,0.02735493
0.1639897,1.047761,0.02770248
0.1623729,1.047192,0.02848007
0.1607459,1.046573,0.0291657
0.1592152,1.046002,0.02986805
0.1577811,1.045518,0.03061803
0.1561719,1.045151,0.03174113
0.1546966,1.044981,0.03336805
0.1534914,1.045028,0.0345013
0.1522284,1.04499,0.03554974
0.1510002,1.04512,0.03635928
0.1497901,1.045712,0.0374853
0.1484435,1.046201,0.03841014
0.1473295,1.0464,0.03912686
0.1461655,1.046405,0.03953935
0.1452435,1.046559,0.04029541
0.1442603,1.046576,0.04129352
0.1435071,1.046341,0.04224798
0.1425673,1.045471,0.04272738
0.1417358,1.044921,0.04349364
0.1409627,1.044443,0.04480098
0.1398086,1.043955,0.04595412
0.138628,1.043603,0.04733254
0.1375431,1.043629,0.04859556
0.1366975,1.043725,0.04970385
0.1356804,1.043661,0.05084176
0.1344965,1.043521,0.05203883
0.1332573,1.043314,0.05310182
0.1325741,1.043217,0.05408143
0.1317944,1.042943,0.05491637
0.130953,1.042594,0.05570172
0.1300786,1.041964,0.05635707
0.1292288,1.041758,0.05706982
0.128557,1.041317,0.05739687
0.1280329,1.04106,0.05797724
0.1273471,1.040734,0.05844282
0.1268169,1.040626,0.05907206
0.1262338,1.040513,0.05955984
0.1257359,1.040257,0.05976515
0.1252861,1.040108,0.06011145
0.125018,1.039797,0.06062888
0.1247285,1.039628,0.06140994
0.1245978,1.03933,0.06179516
0.1241903,1.039078,0.06221758
0.1240236,1.038891,0.06272034
0.1237254,1.03845,0.06339942
0.123947,1.038136,0.06442334
0.1237409,1.038073,0.06545274
0.1234666,1.038094,0.06643264
0.1229319,1.038262,0.0673223
0.1221206,1.039254,0.06807099
0.1203768,1.04118,0.06909843
0.1173643,1.050443,0.07486312
0.1174496,1.059528,0.08217417
0.1214724,1.071324,0.09051226
0.1277119,1.081206,0.09885608
0.1355862,1.085302,0.1067018
0.1392903,1.080721,0.1113784
0.1398629,1.077021,0.1129864
0.1394543,1.073341,0.1141957
0.1383758,1.069518,0.1153643
0.1360798,1.063478,0.1177534
0.1350745,1.06088,0.1193329
0.1349909,1.059343,0.1202411
0.1350836,1.057646,0.1218948
0.1351917,1.056726,0.123479
0.1355485,1.05604,0.1247964
0.135458,1.054571,0.1267282
0.1352917,1.053197,0.1282061
0.1351069,1.05158,0.1295565
0.135032,1.049427,0.13178
0.1341087,1.0469,0.1338169
0.1337157,1.04543,0.1351127
0.1332736,1.044524,0.1357353
0.1331123,1.043936,0.1365334
0.1328315,1.043666,0.1369855
0.1326008,1.043212,0.1373452
0.1323759,1.042987,0.1377567
0.1319837,1.042503,0.1380123
0.1316985,1.041906,0.1382152
0.1310983,1.040886,0.1382121
0.1306576,1.04053,0.1381068
0.130194,1.040367,0.1378955
0.1298629,1.040298,0.1376897
0.1296646,1.040176,0.1372992
0.1294758,1.04055,0.1367813
0.1295519,1.041605,0.135945
0.12961,1.042364,0.1353157
0.1297224,1.043043,0.1346755
0.1303765,1.043687,0.134452
0.1307569,1.044086,0.1338807
0.1312426,1.044265,0.1340166
0.1315359,1.04434,0.1339143
0.1321049,1.044776,0.1339048
0.132403,1.045174,0.1338718
0.1329876,1.045611,0.1336792
0.1332168,1.045704,0.1335316
0.1335737,1.045388,0.1334161
0.1338379,1.045195,0.1334715
0.1338053,1.044319,0.1332342
0.1336108,1.042709,0.1333173
0.1330904,1.040384,0.1340431
0.1325484,1.038429,0.1344408
0.1319675,1.036298,0.1348149
0.1316658,1.033257,0.1353645
0.1316804,1.030501,0.1362416
0.1316521,1.028035,0.1368072
0.1314757,1.025988,0.1372834
0.131446,1.023166,0.1379962
0.1314496,1.019552,0.138733
0.1316121,1.015455,0.1397258
0.1314622,1.011333,0.14079
0.131901,1.00729,0.1423495
0.1317753,1.003603,0.143432
0.1321689,0.9999358,0.1445521
0.1325939,0.995868,0.1460774
0.1322073,0.9923788,0.1482503
0.1321651,0.9893201,0.1495549
0.1324147,0.9860203,0.1510669
0.1321101,0.9816182,0.1529855
0.1323212,0.9781435,0.1542477
0.1315747,0.9742253,0.1557054
0.1311073,0.9709659,0.1567129
0.1310762,0.967845,0.1576237
0.1307089,0.9634522,0.1587816
0.1304908,0.9598761,0.1594889
0.1297604,0.9565762,0.1595341
0.1288744,0.9539698,0.1592942
0.1281137,0.9511626,0.1590914
0.1276885,0.9481805,0.1590202
0.1269159,0.9453116,0.1590133
0.1262486,0.9426712,0.1583511
0.1258842,0.9403082,0.1583068
0.1250288,0.9377452,0.1577203
0.1244158,0.9350308,0.1571855
0.1239813,0.9325328,0.1566602
0.1237657,0.9309474,0.15603
0.1231932,0.929405,0.1550749
0.1227345,0.9276784,0.1544268
0.1219523,0.9257722,0.1530495
0.1211782,0.9240986,0.1520101
0.1204061,0.9223233,0.150802
0.1196051,0.9203132,0.1498226
0.1187546,0.9187176,0.1486695
0.1176657,0.9159957,0.1473902
0.1164275,0.9137893,0.1464112
0.1152741,0.9125405,0.1451667
0.1141619,0.911263,0.1437378
0.113109,0.9097999,0.142167
0.1119913,0.9082027,0.1402054
0.1108509,0.9075734,0.137743
0.1099455,0.9064479,0.1360814
0.1093718,0.905058,0.1345346
0.1086814,0.9040893,0.1328909
0.1077092,0.9024046,0.1312386
0.1073028,0.9017738,0.1298703
0.1067199,0.9009035,0.1284796
0.1063246,0.9006205,0.1271254
0.106317,0.9004255,0.1259701
0.1060717,0.9000327,0.1245003
0.1062032,0.8992226,0.1240055
0.1064711,0.8987642,0.1234091
0.1068753,0.8984267,0.1232559
0.1072768,0.897413,0.1232921
0.108114,0.8963434,0.1239388
0.1088388,0.8953522,0.1245411
0.1093324,0.8952311,0.1247556
0.11027,0.8944657,0.1252697
0.1112162,0.8939909,0.1259311
0.1125896,0.8940464,0.1268754
0.1135325,0.8938451,0.1277816
0.1145629,0.8935557,0.1290747
0.1157386,0.8930412,0.1303649
0.1171647,0.8918541,0.1316217
0.1186131,0.891069,0.1329563
0.1194804,0.8902104,0.1337172
0.1203902,0.889365,0.134538
0.1211021,0.8888426,0.1356631
0.1222958,0.8888047,0.136872
0.1232658,0.8884354,0.1378553
0.1243374,0.8876892,0.138661
0.1249329,0.8868304,0.1391499
0.1253995,0.8859122,0.1395985
0.1259713,0.8850734,0.1402364
0.1264026,0.884681,0.1404764
0.1263951,0.8846012,0.1401844
0.1262945,0.8844185,0.1399304
0.1262275,0.8843299,0.1395916
0.1258586,0.8842134,0.1393297
0.1254991,0.8842505,0.1388958
0.125073,0.8840926,0.138595
0.1245239,0.8840392,0.1380659
0.123752,0.8838368,0.1372259
0.1227736,0.8835965,0.1364518
0.1214772,0.8836055,0.1353984
0.1204696,0.8836406,0.1344268
0.1194922,0.8835037,0.133345
0.1182882,0.8841673,0.1320797
0.1167187,0.8840438,0.1311632
0.1155687,0.8837662,0.130303
0.1144065,0.8834396,0.1296473
0.1131099,0.8832702,0.1288885
0.1120282,0.8831757,0.1280471
0.1103984,0.882932,0.126975
0.1090764,0.8818513,0.1259289
0.1077829,0.8811789,0.1252196
0.1068942,0.8804212,0.1244067
0.1057279,0.8786625,0.1232164
0.104719,0.8773785,0.1223116
0.1035958,0.8757238,0.1207663
0.1023139,0.8741,0.1197296
0.1007849,0.8722237,0.1187345
0.09921665,0.8705576,0.1171536
0.09745403,0.8691102,0.1150061
0.09628084,0.8691078,0.1126162
0.09492162,0.8694387,0.111295
0.09368478,0.8698671,0.1098491
0.09259619,0.8709784,0.1088592
0.09176506,0.8721048,0.10787
0.09218787,0.8724073,0.1075269
0.09276341,0.8729357,0.1071158
0.09385684,0.8729065,0.1071761
0.09543785,0.8715327,0.1080897
0.0970998,0.870514,0.1093209
0.09851801,0.8692222,0.1106709
0.1001728,0.8680719,0.1118615
0.1013244,0.8671647,0.1127808
0.1030501,0.8652995,0.1148856
0.1046558,0.8633574,0.1166904
0.1062786,0.8612931,0.1183445
0.1076194,0.8591984,0.1196766
0.1086449,0.8575431,0.1215702
0.1099636,0.8549727,0.1239194
0.1109368,0.8522249,0.1259362
0.1114487,0.8501251,0.1268838
0.1118569,0.8487378,0.1276308
0.1123124,0.8470441,0.1286999
0.1123316,0.8460513,0.1294761
0.1126688,0.8458765,0.1293755
0.1125593,0.8458326,0.1292332
0.1121968,0.846338,0.1286812
0.1119634,0.8462225,0.1283473
0.1106619,0.8469396,0.1274169
0.1096676,0.8479678,0.1262601
0.1083739,0.8489692,0.1248765
0.1069133,0.8496321,0.1231397
0.1055682,0.8506952,0.1214164
0.1037515,0.8525487,0.1186983
0.1020031,0.8536363,0.116173
0.1005546,0.8545567,0.1144034
0.09920405,0.8554211,0.1128398
0.09775162,0.8561583,0.1108787
0.09603833,0.8567775,0.1089767
0.09452955,0.8571141,0.1077226
0.09324603,0.8572475,0.1061925
0.09203744,0.8575147,0.104909
0.09132902,0.8573597,0.1036633
0.08995698,0.8569654,0.102478
0.08895254,0.8562271,0.1011138
0.0879793,0.8555177,0.09986775
0.08742507,0.854609,0.09890114
0.08695088,0.8529857,0.09812815
0.08641471,0.8513203,0.09709804
0.08573842,0.8496409,0.09677319
0.08474886,0.8476403,0.09620498
0.08414441,0.8468016,0.09547155
0.08363122,0.8461679,0.09446923
0.08325002,0.845442,0.09348182
0.08305274,0.8465315,0.09201734
0.08292939,0.8479596,0.09127973
0.08281843,0.8506656,0.09035648
0.08291829,0.8533202,0.08980171
0.083124,0.8583775,0.08879541
0.08440123,0.8642824,0.08798657
0.08560383,0.8692091,0.08740394
0.08743475,0.8741243,0.08723073
0.08957948,0.8797563,0.08719237
0.09281002,0.886841,0.08633487
0.09555183,0.8918471,0.08661793
0.0981514,0.8962222,0.08652465
0.1010357,0.9008445,0.08649139
0.103753,0.9045435,0.08740978
0.1062419,0.9079383,0.08856176
0.1081904,0.9105721,0.08914582
0.1102213,0.9125443,0.09012823
0.1121826,0.9142061,0.09072082
0.1139838,0.9145446,0.09176259
0.115711,0.915252,0.09217255
0.1170663,0.9159694,0.09254293
0.1179401,0.9168826,0.09315841
0.1187972,0.9178113,0.09408037
0.1189536,0.9182913,0.09490363
0.1189233,0.9181092,0.097212
0.1185635,0.9178652,0.09896885
0.1178488,0.9178753,0.1004656
0.1172655,0.9171339,0.1015978
0.1163743,0.9165564,0.1022892
0.1152929,0.9150611,0.1023142
0.1143186,0.9131095,0.1011086
0.1133755,0.9114116,0.1000022
0.1122759,0.910137,0.09944139
0.1110014,0.9088905,0.09865342
0.1098179,0.9078634,0.09682883
0.1086368,0.9068235,0.09546159
0.1074949,0.9057985,0.09427319
0.106531,0.9049712,0.09259282
0.10496,0.9028247,0.09089689
0.1040014,0.9024361,0.08964829
0.1027134,0.9015966,0.08841716
0.1013693,0.9007669,0.08793478
0.1000634,0.8999868,0.08768098
0.0985481,0.8988522,0.08740996
0.0978469,0.8984471,0.08749937
0.09756996,0.8976052,0.08756129
0.09660175,0.8966193,0.08686291
0.09617811,0.8961282,0.086722
0.09586939,0.8962943,0.08691685
0.09552184,0.8958246,0.08717047
0.09538254,0.8956162,0.08754276
0.09529719,0.8962767,0.08820538
0.09545273,0.8972021,0.0894668
0.09566434,0.8985246,0.09073059
0.09613018,0.8993124,0.09150277
0.0966021,0.8999608,0.09262238
0.09738395,0.9000805,0.09442936
0.09865616,0.9003777,0.09668247
0.09988753,0.899721,0.09937184
0.100959,0.8983169,0.1015704
0.1018033,0.897021,0.1032713
0.1025815,0.8952919,0.1053635
0.1033073,0.8935283,0.1071431
0.1041848,0.8922277,0.1090236
0.1043039,0.8914095,0.1099582
0.1043789,0.8906501,0.1107039
0.1045662,0.8900655,0.111274
0.1047489,0.8896974,0.1119882
0.1049482,0.8893188,0.1113763
0.1050456,0.8888286,0.111303
0.1051907,0.8887666,0.1111049
0.1050904,0.8882125,0.110423
0.1052272,0.8877388,0.1098712
0.105742,0.8873284,0.1103706
0.1068089,0.8872462,0.110752
0.1069563,0.8865719,0.1116315
0.1069459,0.8859318,0.1129547
0.1069195,0.8848553,0.1140909
0.1070651,0.8834392,0.1149141
0.1072774,0.8818856,0.1152558
0.1074797,0.879768,0.1149297
0.10779,0.8777542,0.1143165
0.1079977,0.8753753,0.1137283
0.1085541,0.8729096,0.1129435
0.1090851,0.870164,0.1116603
0.1096659,0.8685687,0.1108827
0.1103966,0.8678904,0.1106345
0.1110937,0.8675182,0.1103775
0.1115606,0.8678222,0.1103049
0.112476,0.8695422,0.1104714
0.1135859,0.8709949,0.1108247
0.1148312,0.8724064,0.1116492
0.1159602,0.8732308,0.1127654
0.1176853,0.874016,0.1143373
0.118626,0.874364,0.1153936
0.1194542,0.8743246,0.1162827
0.1205716,0.8741295,0.1169187
0.1217783,0.8740082,0.1171881
0.1230322,0.8732503,0.1171092
0.1244156,0.872669,0.1171362
0.125771,0.8722598,0.1180002
0.1270586,0.8715407,0.1190419
0.1278798,0.8716095,0.120242
0.1281584,0.8709422,0.1217406
0.1285094,0.8701417,0.1228999
0.1290477,0.8695298,0.1243733
0.1288814,0.8690335,0.1256116
0.128333,0.8682576,0.1257835
0.1276829,0.86742,0.1260756
0.1268651,0.8662449,0.1261914
0.1258345,0.8647652,0.1265063
0.1242626,0.8632084,0.1268291
0.1230559,0.8625754,0.126919
0.1215742,0.8621431,0.1264399
0.1204991,0.8617159,0.1261982
0.1190823,0.8611585,0.1253873
0.1175359,0.8606241,0.1246081
0.1153785,0.8605176,0.1232725
0.1134093,0.8612656,0.1220059
0.1115769,0.8614946,0.1209082
0.1094692,0.8624962,0.1201482
0.1069818,0.8630171,0.1192362
0.1049094,0.8634451,0.1183534
0.103054,0.863564,0.1171784
0.1013081,0.8639696,0.1162942
0.09962456,0.8647384,0.115356
0.09771952,0.8653672,0.1139807
0.09589737,0.8662623,0.11305
0.09441352,0.8668039,0.1121456
0.09294783,0.8676406,0.1111975
0.09108864,0.86814,0.1100758
0.08965479,0.8688361,0.1091612
0.08860283,0.8693927,0.1083419
0.08778517,0.8703867,0.107563
0.08685601,0.8721164,0.1067797
0.0861959,0.8744512,0.1058602
0.08557965,0.87756,0.1048362
0.08498599,0.8809143,0.104709
0.08445527,0.8852306,0.1049577
0.08426443,0.891157,0.1054385
0.08408579,0.8983319,0.1062151
0.08423983,0.9089714,0.1078163
0.08468173,0.9183519,0.1090141
0.08527659,0.9285968,0.1104911
0.08606543,0.939091,0.1118293
0.08659792,0.9516965,0.1130826
0.08740066,0.9642705,0.1123708
0.08745275,0.9751073,0.1111238
0.08717676,0.9859574,0.1090729
0.08711796,0.9963276,0.1067714
0.08612023,1.006505,0.1047473
0.08506621,1.015357,0.1035661
0.08343808,1.022753,0.1034638
0.08130907,1.029712,0.1035836
0.07877608,1.037171,0.1038528
0.07494517,1.04493,0.1035883
0.07125644,1.05167,0.1029875
0.06757514,1.058,0.1021089
0.0644379,1.06365,0.1010608
0.06110941,1.069904,0.09958033
0.0573426,1.076744,0.09768693
0.05478634,1.082266,0.09527521
0.05253838,1.086294,0.0930178
0.05018766,1.089581,0.09071396
0.04779877,1.092175,0.08788
0.04554214,1.094245,0.08350112
0.04480912,1.095528,0.07909654
0.04429591,1.09657,0.07543109
0.04429448,1.097482,0.07108687
0.04526211,1.097893,0.06563143
0.04684703,1.097729,0.05979975
0.04910269,1.096906,0.05534188
0.05054021,1.096119,0.05200325
0.05149351,1.095155,0.04956545
0.05243744,1.093766,0.04730022
0.05276778,1.092659,0.04643376
0.05413754,1.091334,0.04585581
0.05497603,1.089806,0.04558319
0.05564819,1.088183,0.04572786
0.05616839,1.085725,0.04589073
0.05591665,1.083478,0.04633419
0.05596928,1.080601,0.04702991
0.05605449,1.077844,0.0472496
0.05594447,1.074758,0.04764085
0.0554785,1.071439,0.04803251
0.05519995,1.068337,0.04809083
0.05380286,1.065271,0.048521
0.05273429,1.062474,0.04861064
0.05180769,1.059534,0.04872476
0.05052029,1.056922,0.0486916
0.0492864,1.054331,0.04854183
0.04846148,1.052088,0.0484765
0.04796948,1.050087,0.04856731
0.04779074,1.04811,0.04908074
0.04752906,1.046426,0.05032881
0.04740754,1.044921,0.05182357
0.04708722,1.044325,0.05340223
0.04642415,1.044096,0.05505197
0.04564288,1.04414,0.05697562
0.0434496,1.045994,0.05983756
0.04021423,1.048702,0.06331389
0.03750321,1.051735,0.06614242
0.03531528,1.054709,0.06846683
0.03355515,1.057339,0.07039045
0.03181884,1.060637,0.07250981
0.03198873,1.063272,0.07275663
0.03310677,1.065614,0.072107
0.03485322,1.067358,0.07073413
0.03791091,1.069645,0.06944244
0.04123379,1.071499,0.06704505
0.0460756,1.072168,0.06424968
0.05166949,1.071228,0.06107347
0.05697213,1.069196,0.05841149
0.06194213,1.065742,0.05622764
0.06545001,1.062891,0.05502798
0.06528966,1.061313,0.05470736
0.06451696,1.060464,0.05455504
0.06376946,1.059967,0.05467813
0.06274663,1.059454,0.05475967
0.06255688,1.058003,0.05488841
0.06270474,1.056332,0.0547976
0.06272511,1.054338,0.05471621
0.06270285,1.051664,0.05458073
0.06251605,1.048963,0.0544516
0.06105703,1.046361,0.05480455
0.06008725,1.043237,0.05541442
0.05874829,1.040468,0.05624537
0.05758122,1.036995,0.05670495
0.05635659,1.032743,0.05784832
0.05521014,1.029023,0.05880775
0.05414146,1.025412,0.05979268
0.05287045,1.021879,0.06058277
0.0517154,1.018608,0.06154935
0.05047376,1.014005,0.06264813
0.04886627,1.010724,0.06343864
0.04748297,1.007465,0.06393112
0.04646899,1.004601,0.06418835
0.04529463,1.001154,0.0642878
0.04391281,0.9970059,0.06410588
0.04285036,0.992672,0.06347637
0.04203439,0.9889132,0.06292273
0.04133999,0.9848841,0.06221707
0.03997472,0.9805349,0.06135897
0.03894538,0.9754453,0.05983256
0.03865202,0.970033,0.05826648
0.03856963,0.9646882,0.05668493
0.03820907,0.9588136,0.05468671
0.03752191,0.9526735,0.05252703
0.0363308,0.9460686,0.04998882
0.03405942,0.9401541,0.04693854
0.03270422,0.9345419,0.04459564
0.03204833,0.9283226,0.04202254
0.03193341,0.922638,0.03937051
0.03126906,0.9163278,0.03569789
0.03052825,0.9113899,0.03191765
0.03038213,0.906469,0.02838449
0.03028022,0.9020701,0.02488506
0.02991776,0.8979502,0.02145742
0.02848715,0.8935888,0.01771298
0.02724358,0.8898609,0.0151536
0.02534683,0.8866728,0.01293595
0.02323106,0.8837807,0.01133196
0.02042943,0.8796106,0.009392276
0.01776917,0.8753067,0.007560119
0.01552759,0.8717819,0.005593136
0.01300263,0.8683067,0.002857342
0.01033841,0.8657144,0.001052976
0.007263526,0.8635976,-0.0007996559
0.004123509,0.861695,-0.001387253
0.0006902963,0.859402,-0.00182493
-0.002115339,0.8566932,-0.001940683
-0.004149601,0.8542815,-0.001798227
-0.005956694,0.851733,-0.001504213
-0.008447558,0.8479343,-0.001372159
-0.01114976,0.8433214,-0.0008756667
-0.01336583,0.8388167,-0.001198441
-0.01593502,0.8340519,-0.001470625
-0.01895656,0.8290046,-0.00168395
-0.02271423,0.8233024,-0.002426624
-0.02632907,0.818338,-0.003312215
-0.02941905,0.814571,-0.00373888
-0.03221156,0.8112274,-0.004325494
-0.03492875,0.807359,-0.005066052
-0.03784786,0.8042493,-0.005419105
-0.0406711,0.8002002,-0.005933836
-0.04326941,0.7961389,-0.006041542
-0.04581402,0.7921059,-0.006021991
-0.04842831,0.7882939,-0.006180331
-0.05134909,0.7844775,-0.00597769
-0.05430941,0.7809835,-0.006355152
-0.05657946,0.7788957,-0.006568715
-0.05911906,0.7765983,-0.006984577
-0.06135018,0.774451,-0.007354617
-0.06305532,0.7729147,-0.007877633
-0.06458439,0.7717062,-0.008555725
-0.06715851,0.7700967,-0.009581968
-0.06877355,0.7691596,-0.01057881
-0.07167973,0.7676452,-0.01198889
-0.07858662,0.76611,-0.01226945
-0.08085908,0.7642077,-0.01414168
-0.08240707,0.7625745,-0.01459689
-0.08814649,0.753423,-0.01977932
-0.09046219,0.7446168,-0.02020206
-0.09085737,0.7386966,-0.02146299
-0.09152867,0.733178,-0.02261351
-0.09200294,0.727089,-0.02415712
-0.09237133,0.7221096,-0.02572873
-0.09197615,0.7165552,-0.02747485
-0.09024094,0.7117534,-0.02979641
-0.08790658,0.7071033,-0.03203255
-0.08603655,0.7023993,-0.03400192
-0.0850382,0.6974983,-0.03577963
-0.08408929,0.6926522,-0.03693627
-0.0833206,0.6870318,-0.03760521
-0.08212431,0.6820871,-0.03828567
-0.08117013,0.676836,-0.03852002
-0.07908638,0.6716848,-0.03945479
-0.07610931,0.6676505,-0.04029845
-0.07161127,0.6645117,-0.04045771
-0.06747739,0.6628817,-0.03966723
-0.06222467,0.6610001,-0.0390137
-0.05705906,0.6602142,-0.03770055
-0.05083661,0.6610637,-0.03629369
-0.04456164,0.6647449,-0.03423516
-0.03906102,0.6699627,-0.03220938
-0.03199525,0.6794611,-0.02962343
-0.02614553,0.6897536,-0.02681281
-0.01846772,0.7036034,-0.02483191
-0.01096639,0.7196758,-0.02275069
-0.003201276,0.7373756,-0.02041805
0.004984573,0.7564483,-0.01714885
0.01196463,0.775389,-0.01366276
0.01961438,0.7964283,-0.008677334
0.02593195,0.8147978,-0.002995044
0.0321403,0.8329358,0.00241439
0.03889203,0.8525179,0.008102313
0.04457577,0.8694463,0.01356615
0.05037239,0.8874889,0.01998205
0.05469696,0.9013928,0.02556667
0.05982749,0.9168969,0.03201161
0.06457673,0.9305757,0.03679468
0.06895442,0.9451385,0.04110332
0.07310747,0.9606439,0.04479133
0.07632741,0.9738088,0.0476353
0.07896143,0.9866441,0.05062847
0.0805638,0.9966615,0.05316298
0.08221249,1.007523,0.05545737
0.08429714,1.017626,0.05700125
0.08567867,1.026522,0.05793731
0.08676487,1.035939,0.05803369
0.08721699,1.044207,0.05745025
0.08718707,1.052073,0.05733903
0.08741646,1.057908,0.05760936
0.08704419,1.062937,0.05787338
0.08660735,1.067568,0.05851842
0.08616929,1.071744,0.05916382
0.08592013,1.075774,0.05979554
0.0857005,1.07852,0.06031828
0.08498161,1.080796,0.06016372
0.08272126,1.082376,0.05960621
0.0806099,1.08274,0.05906214
0.0783892,1.082245,0.05872323
0.07678881,1.081749,0.05834554
0.0752711,1.081557,0.05764161
0.07376756,1.081687,0.05709131
0.07240915,1.081795,0.05663697
0.07104535,1.082677,0.05666249
0.0702859,1.08412,0.05732457
0.06971022,1.084837,0.05775635
0.06919453,1.085931,0.05836965
0.06880228,1.086898,0.05881225
0.06867905,1.087898,0.05939974
0.0686671,1.089405,0.06059067
0.06902711,1.091209,0.06245522
0.06994659,1.09284,0.06398068
0.0713111,1.094501,0.06552167
0.07281107,1.09638,0.06737714
0.07378498,1.09857,0.06966893
0.07490066,1.100513,0.07181202
0.07557517,1.102177,0.0736147
0.0762403,1.103616,0.07521586
0.07697092,1.104933,0.07696788
0.07818122,1.106498,0.07886188
0.07942741,1.108231,0.08090203
0.08043092,1.109307,0.082359
0.08157711,1.110457,0.08396517
0.08236082,1.111086,0.08549957
0.08293495,1.111573,0.08672629
0.08337668,1.111929,0.08808152
0.08365287,1.112437,0.08940224
0.08421625,1.112941,0.09086709
0.08462407,1.113069,0.09178798
0.08502121,1.113199,0.09285669
0.08533663,1.113236,0.09382944
0.08562858,1.113129,0.09464537
0.08583651,1.112905,0.09522818
0.08615904,1.112393,0.09556322
0.08648114,1.111553,0.0956165
0.08681552,1.110966,0.09562926
0.0870911,1.110116,0.09551416
0.0871001,1.109205,0.09517349
0.08676724,1.108158,0.09451182
0.08623795,1.107361,0.09401195
0.08591275,1.106637,0.09332298
0.08626801,1.105856,0.09297316
0.0860579,1.105264,0.09220056
0.08590443,1.104269,0.09138553
0.0857767,1.103466,0.09075861
0.08551548,1.102699,0.09011038
0.08523218,1.101976,0.0895137
0.08486895,1.101399,0.08894758
0.08465843,1.101013,0.08853991
0.0845608,1.100638,0.08818392
0.08419968,1.100375,0.08767317
0.08410726,1.099948,0.0870467
0.08418028,1.099508,0.08638947
0.08413886,1.099192,0.0856822
0.08420861,1.099198,0.08511634
0.08423246,1.099222,0.08447944
0.08454089,1.099231,0.08380826
0.08494642,1.099509,0.08322315
0.08530264,1.10001,0.08246391
0.08525877,1.100637,0.0816543
0.08530025,1.101773,0.08117576
0.08522047,1.103118,0.08100443
0.08485292,1.105583,0.0813664
0.08459066,1.107834,0.08208255
0.0839884,1.110013,0.08287697
0.08326192,1.112175,0.08422618
0.08267142,1.114134,0.08597271
0.0819146,1.115606,0.08758508
0.0811207,1.116857,0.08922224
0.08051598,1.117247,0.09019725
0.0798631,1.117451,0.09066217
0.07923374,1.117526,0.09044383
0.07853138,1.117691,0.09021653
0.0775062,1.118028,0.08996992
0.07599841,1.118371,0.09006886
0.07415611,1.11838,0.09063996
0.07264571,1.118135,0.09179519
0.0704646,1.11806,0.09265225
0.06901407,1.118218,0.09329085
0.06729685,1.118072,0.09355776
0.0658177,1.117773,0.09346236
0.06464289,1.117171,0.09348254
0.0637901,1.116526,0.09324311
0.0632977,1.11595,0.09317388
0.06295542,1.115147,0.09344165
0.06279202,1.114055,0.09402345
0.06277829,1.112303,0.09460123
0.06301029,1.110904,0.09524469
0.0633567,1.109197,0.09631602
0.0635704,1.107401,0.09735774
0.06416,1.105088,0.09876268
0.0647442,1.103533,0.0997576
0.06524481,1.101852,0.1008138
0.06543131,1.100355,0.1015147
0.06555213,1.098937,0.1025238
0.0655763,1.097271,0.1033898
0.06540577,1.096491,0.1040943
0.06444676,1.095412,0.1046558
0.06396061,1.09446,0.1053375
0.0632854,1.09342,0.1059273
0.06236348,1.091965,0.1068336
0.06187347,1.090603,0.1077181
0.06114994,1.088243,0.1085472
0.06029426,1.085391,0.1090121
0.05952887,1.081684,0.1093332
0.05901442,1.077129,0.1097035
0.05812329,1.072429,0.1092052
0.05628198,1.066465,0.1088679
0.05482295,1.060253,0.1081874
0.05354857,1.054067,0.1073505
0.05192187,1.046818,0.1065048
0.0496982,1.038538,0.1059265
0.04813758,1.031272,0.1055434
0.04668273,1.023126,0.1052117
0.04498611,1.015,0.1052024
0.04339053,1.005574,0.105195
0.0420011,0.9965339,0.1045808
0.04024798,0.9861668,0.1047728
0.03907721,0.9777783,0.1049022
0.03800337,0.9686576,0.1046142
0.03623755,0.9588595,0.1046446
0.03585963,0.9504398,0.103455
0.03546004,0.9418827,0.102556
0.03524779,0.9347871,0.1015597
0.03517531,0.927404,0.0997002
0.03467342,0.9187983,0.09845312
0.03423382,0.9095121,0.09687991
0.03386708,0.9013174,0.09618033
0.03342952,0.8931118,0.09587304
0.03333312,0.8846009,0.09643309
0.03339489,0.8771737,0.09768452
0.03504698,0.8703956,0.09797834
0.03633264,0.864775,0.09867071
0.0384436,0.8581439,0.09855987
0.04077005,0.8513295,0.09788419
0.0433252,0.8444191,0.0965815
0.04584971,0.8393891,0.09523205
0.04805329,0.8352817,0.09339009
0.05078103,0.8311942,0.0910304
0.05389789,0.827319,0.08887504
0.05708101,0.8234436,0.08675613
0.05934943,0.8198712,0.08571981
0.06098063,0.815914,0.08544604
0.06212567,0.8120266,0.08618383
0.06380853,0.8078638,0.08698519
0.06473459,0.802946,0.08861654
0.06589963,0.7998245,0.09025817
0.06686208,0.7967892,0.0919771
0.06766446,0.7937542,0.09372787
0.06844905,0.789876,0.09638815
0.06912132,0.7862256,0.09808056
0.06932996,0.7834771,0.09876452
0.06996153,0.7816306,0.09954374
0.0707787,0.7790757,0.1019021
0.07194456,0.7771576,0.1038781
0.07340214,0.7763909,0.1047246
0.0739859,0.7748099,0.1058141
0.07468066,0.7729407,0.1065595
0.07591948,0.7710822,0.107087
0.0764717,0.7698396,0.1086423
0.07723115,0.7687126,0.1095593
0.07776694,0.7677267,0.1104699
0.07923053,0.7666696,0.1115561
0.08074585,0.7655976,0.1125062
0.08303578,0.7643116,0.1122793
0.08455597,0.7638829,0.1122918
0.08541642,0.763352,0.1120606
0.08634633,0.7631786,0.1115211
0.086863,0.7634895,0.111719
0.08665803,0.7637029,0.1117203
0.08647852,0.7640722,0.1120404
0.08642347,0.7642961,0.1122128
0.08601081,0.7643719,0.1122417
0.08600199,0.7648113,0.1124579
0.08547471,0.76491,0.1123242
0.0848915,0.7651497,0.1118335
0.08477008,0.7653363,0.1115562
0.08443235,0.7653973,0.110888
0.08407936,0.7659044,0.1103357
0.08380209,0.7662519,0.1094269
0.0834298,0.7656949,0.108504
0.0831223,0.7656994,0.1075648
0.08281474,0.7661039,0.1066655
0.08272068,0.7666541,0.1060762
0.08176887,0.7666791,0.1053654
0.08123128,0.7669778,0.1043381
0.08092575,0.7674413,0.1037095
0.08086953,0.7681897,0.1029893
0.08095475,0.7689176,0.1020566
0.081387,0.7696813,0.1011524
0.08229102,0.7705708,0.1002584
0.08295994,0.7712479,0.0998231
0.08356042,0.7715693,0.09921925
0.08425395,0.7723134,0.09868433
0.08533992,0.7722558,0.09779005
0.08615254,0.7718027,0.09648202
0.0868952,0.7710591,0.09458415
0.08735083,0.7699066,0.09169184
0.08662637,0.7680498,0.08821802
0.08560841,0.7661585,0.08375226
0.08504336,0.764293,0.07911365
0.08349745,0.7609552,0.07550339
0.08080827,0.7548955,0.0703079
0.07616852,0.745951,0.06636791
0.07273154,0.7368422,0.06318958
0.07068202,0.7275577,0.06371664
0.06652255,0.7216194,0.06781785
0.05929907,0.718757,0.0742584
0.05049464,0.7175084,0.08124311
0.05049464,0.7175084,0.08124311
0.05049464,0.7175084,0.08124311
0.05049464,0.7175084,0.08124311
0.05049464,0.7175084,0.08124311
0.05049464,0.7175084,0.08124311
0.05049464,0.7175084,0.08124311
0.05049464,0.7175084,0.08124311
0.05049464,0.7175084,0.08124311
0.05049464,0.7175084,0.08124311
0.05049464,0.7175084,0.08124311
0.05049464,0.7175084,0.08124311
0.05049464,0.7175084,0.08124311
0.05049464,0.7175084,0.08124311
0.05049464,0.7175084,0.08124311
0.05049464,0.7175084,0.08124311
0.05049464,0.7175084,0.08124311
0.05049464,0.7175084,0.08124311
0.05049464,0.7175084,0.08124311
0.05049464,0.7175084,0.08124311
0.02021106,0.6934296,0.05774917
0.01927905,0.7080204,0.05457412
0.01822878,0.7171636,0.05252089
0.01604424,0.7227414,0.05187522
0.01264524,0.7257872,0.0523033
0.008100584,0.726804,0.05486272
0.003125325,0.7276689,0.05886208
-0.001050755,0.7287522,0.06172223
-0.005779162,0.7309092,0.06447606
-0.009699985,0.7339559,0.06604086
-0.01456241,0.7374732,0.0680411
-0.01824701,0.7415136,0.07010366
-0.02186851,0.7448798,0.07203244
-0.02561061,0.7490118,0.07359229
-0.02937989,0.7530337,0.07534395
-0.03412972,0.75699,0.07657675
-0.03833871,0.7597132,0.07804887
-0.0433868,0.7622615,0.07887195
-0.0476418,0.7641357,0.07990898
-0.05213074,0.7658291,0.08059229
-0.05724339,0.7672604,0.08127891
-0.06204371,0.769065,0.08143662
-0.06658839,0.7706597,0.08194734
-0.07109259,0.7721377,0.08212306
-0.07583265,0.7729511,0.08257948
-0.08114605,0.7732533,0.0832033
-0.09075953,0.7728146,0.08421578
-0.09556155,0.7719319,0.08368753
-0.1009046,0.7699699,0.08224295
-0.1091826,0.7620669,0.07392882
-0.1122396,0.7559691,0.06597243
-0.1120834,0.7465855,0.04882337
-0.09895723,0.7380957,0.03179726
-0.09149955,0.7400898,0.02826498
-0.08935003,0.7442315,0.02908562
-0.08678995,0.7471141,0.02915291
-0.08411194,0.7488979,0.02855156
-0.08152737,0.7495144,0.02778707
-0.07890926,0.7492035,0.0268365
-0.07718687,0.7493148,0.02603935
-0.07534347,0.7506095,0.02558434
-0.07151793,0.7505289,0.024446
-0.06571142,0.7536514,0.02213633
-0.05848475,0.7565234,0.01926346
-0.05108269,0.7593647,0.01689526
-0.04033138,0.7619026,0.01282553
-0.03028578,0.762986,0.008565515
-0.02020648,0.7632301,0.003897771
-0.00766246,0.76294,-0.001463413
0.003535375,0.7619293,-0.005979747
0.01695646,0.7612446,-0.01165962
0.03009915,0.7611421,-0.01821254
0.04443663,0.7610376,-0.02649592
0.05490971,0.7612498,-0.03316332
0.06359611,0.760681,-0.03898798
0.07173456,0.7584301,-0.04408084
0.07829945,0.756162,-0.04925014
0.08504559,0.7527371,-0.05446705
0.09103207,0.7491899,-0.06014392
0.09512792,0.746142,-0.06411572
0.09720378,0.7430058,-0.06699358
0.09804469,0.7405277,-0.06888099
0.09751645,0.7391325,-0.06972109
0.096149,0.7388502,-0.07032521
0.09353231,0.7404533,-0.07043071
0.09047045,0.7434068,-0.07002379
0.08878091,0.7474236,-0.06990992
0.08753438,0.752266,-0.07007097
0.08723965,0.7562428,-0.07001236
0.0869101,0.7593327,-0.07008947
0.08588211,0.7624752,-0.07000591
0.08536415,0.7653261,-0.07008623
0.08496852,0.768056,-0.07005079
0.08540113,0.769578,-0.07009867
0.08570723,0.7710426,-0.06982841
0.08589114,0.7717338,-0.06985071
0.08638412,0.7714024,-0.07028309
0.08672585,0.7708467,-0.07043611
0.08723372,0.7700031,-0.0705023
0.08798058,0.7680903,-0.07067426
0.08786334,0.7655683,-0.07063818
0.08771472,0.7628148,-0.07083425
0.08612582,0.7605441,-0.07070251
0.08474177,0.759168,-0.07136421
0.08340944,0.7577944,-0.07194123
0.08114733,0.7567652,-0.07241514
0.07927869,0.7559147,-0.073541
0.07662357,0.7559465,-0.07613129
0.07596524,0.75592,-0.07940136
0.07482223,0.7554002,-0.08282113
0.07285158,0.7545419,-0.08543006
0.07038914,0.7540484,-0.08736416
0.06756346,0.7535743,-0.08900928
0.06593893,0.7524551,-0.09014317
0.06437686,0.7512671,-0.09145573
0.06299759,0.7494503,-0.0918863
0.06284687,0.7474204,-0.09238334
0.06337827,0.746188,-0.09339447
0.06377749,0.7451032,-0.0937908
0.06381929,0.7427178,-0.09345147
0.06185238,0.7409633,-0.09195009
0.05869849,0.7416127,-0.08942212
0.05235854,0.7442036,-0.082816
0.04721157,0.7441195,-0.07322617
0.04718615,0.7406233,-0.06523407
0.04921627,0.7350786,-0.06081872
0.05090304,0.7282627,-0.0529141
0.05223557,0.72056,-0.04346338
0.05455317,0.7122126,-0.03277792
0.05944319,0.7024429,-0.02041085
0.06316955,0.6930805,-0.009575397
0.0676288,0.6809815,0.001565829
0.07160448,0.6708725,0.009599283
0.07537027,0.6613449,0.01701312
0.07954638,0.6498619,0.02570167
0.08301786,0.6413733,0.03259988
0.08719882,0.6342964,0.03930779
0.09018329,0.6294003,0.04473084
0.0917037,0.6274824,0.04991078
0.09336247,0.6261318,0.05507694
0.09317784,0.6275648,0.06270288
0.09213799,0.6297299,0.07256936
0.08990161,0.6363305,0.08257626
0.08786227,0.6387476,0.08848779
0.08786227,0.6387476,0.08848779
0.08786227,0.6387476,0.08848779
0.08786227,0.6387476,0.08848779
0.08786227,0.6387476,0.08848779
0.08786227,0.6387476,0.08848779
0.08786227,0.6387476,0.08848779
0.08786227,0.6387476,0.08848779
0.08786227,0.6387476,0.08848779
0.08786227,0.6387476,0.08848779
0.08786227,0.6387476,0.08848779
0.08786227,0.6387476,0.08848779
0.08786227,0.6387476,0.08848779
0.08786227,0.6387476,0.08848779
0.08786227,0.6387476,0.08848779
0.08786227,0.6387476,0.08848779
0.08786227,0.6387476,0.08848779
0.08786227,0.6387476,0.08848779
0.08786227,0.6387476,0.08848779
0.08786227,0.6387476,0.08848779
0.08786227,0.6387476,0.08848779
0.08786227,0.6387476,0.08848779
0.08786227,0.6387476,0.08848779
0.08786227,0.6387476,0.08848779
0.08786227,0.6387476,0.08848779
0.08786227,0.6387476,0.08848779
0.08786227,0.6387476,0.08848779
0.08786227,0.6387476,0.08848779
0.08786227,0.6387476,0.08848779
0.08786227,0.6387476,0.08848779
0.08786227,0.6387476,0.08848779
0.08786227,0.6387476,0.08848779
0.08786227,0.6387476,0.08848779
0.08786227,0.6387476,0.08848779
0.08786227,0.6387476,0.08848779
0.08786227,0.6387476,0.08848779
0.08786227,0.6387476,0.08848779
0.08786227,0.6387476,0.08848779
0.08786227,0.6387476,0.08848779
0.08786227,0.6387476,0.08848779
0.08786227,0.6387476,0.08848779
0.08786227,0.6387476,0.08848779
0.08786227,0.6387476,0.08848779
0.08786227,0.6387476,0.08848779
0.08786227,0.6387476,0.08848779
0.08786227,0.6387476,0.08848779
0.08786227,0.6387476,0.08848779
0.08786227,0.6387476,0.08848779
0.08786227,0.6387476,0.08848779
0.08786227,0.6387476,0.08848779
0.08786227,0.6387476,0.08848779
0.08786227,0.6387476,0.08848779
0.08786227,0.6387476,0.08848779
0.08786227,0.6387476,0.08848779
0.08786227,0.6387476,0.08848779
0.08786227,0.6387476,0.08848779
0.08786227,0.6387476,0.08848779
0.08786227,0.6387476,0.08848779
0.08786227,0.6387476,0.08848779
0.08786227,0.6387476,0.08848779
0.08786227,0.6387476,0.08848779
0.08786227,0.6387476,0.08848779
0.08786227,0.6387476,0.08848779
0.08786227,0.6387476,0.08848779
0.08786227,0.6387476,0.08848779
0.08786227,0.6387476,0.08848779
0.08786227,0.6387476,0.08848779
0.08786227,0.6387476,0.08848779
0.08786227,0.6387476,0.08848779
0.08786227,0.6387476,0.08848779
0.08786227,0.6387476,0.08848779
0.08786227,0.6387476,0.08848779
0.08786227,0.6387476,0.08848779
0.08786227,0.6387476,0.08848779
0.08786227,0.6387476,0.08848779
0.08786227,0.6387476,0.08848779
0.08786227,0.6387476,0.08848779
0.08786227,0.6387476,0.08848779
0.08786227,0.6387476,0.08848779
0.08786227,0.6387476,0.08848779
0.105776,0.694943,0.04745005
0.1018113,0.7082739,0.01625253
0.105352,0.7193962,0.007564038
0.1052863,0.7204142,0.004401729
0.1050731,0.719045,0.0003241301
0.1047444,0.7189456,-0.001275778
0.1037347,0.718807,-0.003183663
0.1023918,0.717455,-0.008762553
0.09865306,0.7162738,-0.01868473
0.09492083,0.7208253,-0.02013032
0.09138843,0.7223924,-0.02313362
0.08797301,0.7217284,-0.02714223
0.08552714,0.7212022,-0.03035496
0.08279018,0.7198091,-0.03389421
0.08044022,0.7188604,-0.03559123
0.07843801,0.7170088,-0.03781991
0.07612257,0.7151001,-0.03905238
0.07397245,0.7134581,-0.04032794
0.07268135,0.7117448,-0.04146697
0.07248181,0.7112024,-0.04305144
0.07261027,0.7109656,-0.04425216
0.07306802,0.7106803,-0.04497814
0.07314174,0.7108435,-0.04532686
0.0735563,0.7108478,-0.04565613
0.07370026,0.7106641,-0.04594174
0.0742608,0.7103773,-0.04633731
0.07471493,0.7096015,-0.04684182
0.07501958,0.7076979,-0.04791215
0.07429345,0.7055985,-0.04938416
0.07286136,0.7021711,-0.05034314
0.07192901,0.697943,-0.05130424
0.07169972,0.692061,-0.05297264
0.07224992,0.6846561,-0.05435343
0.07298203,0.6763623,-0.05635479
0.07348709,0.6674317,-0.06006534
0.07356729,0.6584693,-0.06432572
0.07366684,0.6475359,-0.06955893
0.07425186,0.6365082,-0.07478608
0.07516831,0.6244519,-0.080389
0.07653494,0.6131694,-0.0871464
0.07779901,0.6025096,-0.09306997
0.07928534,0.5916167,-0.09982
0.08100741,0.5826564,-0.1069068
0.08321284,0.5745945,-0.1151935
0.08531578,0.5681112,-0.1233385
0.08725607,0.5631775,-0.1306142
0.08929767,0.5580666,-0.1392562
0.09106831,0.5537635,-0.1473599
0.09268256,0.5498311,-0.1560763
0.09427667,0.5465593,-0.1636988
0.09577436,0.5450671,-0.1709673
0.09751236,0.5457543,-0.1789151
0.09934866,0.5478899,-0.1857842
0.1011142,0.5508254,-0.1932342
0.1019667,0.5528268,-0.1987976
0.1018522,0.5553033,-0.2037392
0.1015762,0.5589274,-0.2078038
0.1011736,0.5623753,-0.2110363
0.1000597,0.566039,-0.2143382
0.09881948,0.5685198,-0.2160028
0.09783491,0.5715487,-0.2173652
0.0976127,0.5735157,-0.2181276
0.09738056,0.5748963,-0.2186699
0.09704351,0.5756761,-0.2187999
0.09676146,0.5766557,-0.2184577
0.09730532,0.5782242,-0.2171647
0.09787375,0.5786415,-0.2162865
0.09849612,0.5796543,-0.215266
0.0990757,0.5803723,-0.2140564
0.09910575,0.5810608,-0.2133039
0.09931086,0.5832508,-0.2125535
0.09864816,0.5851417,-0.2117763
0.09814918,0.5864748,-0.2106258
0.09745713,0.5876377,-0.2094431
0.09765314,0.5886875,-0.2082172
0.09801115,0.5909623,-0.207487
0.09791578,0.5934414,-0.2069907
0.0971843,0.5956319,-0.2061405
0.09648634,0.5978268,-0.2059262
0.0960357,0.6013139,-0.206088
0.09548428,0.6046149,-0.2065231
0.09464927,0.6091598,-0.2078823
0.09474313,0.6136228,-0.2088855
0.09497832,0.6181123,-0.2099023
0.09472281,0.622559,-0.2109989
0.09413882,0.6257905,-0.2127147
0.09327227,0.6292844,-0.2148575
0.09271675,0.6325434,-0.2162816
0.09176917,0.635363,-0.2171132
0.0909401,0.6374238,-0.2167296
0.09007089,0.6396327,-0.216025
0.08895214,0.6420117,-0.2153357
0.0882083,0.6441048,-0.2144104
0.08772191,0.6463708,-0.2134391
0.08778173,0.6479498,-0.2122594
0.08839269,0.6481,-0.2110957
0.08883622,0.6473124,-0.2096096
0.08949107,0.6458958,-0.2074572
0.09032848,0.6445587,-0.2051487
0.0915952,0.642701,-0.2023548
0.09283279,0.6407837,-0.2000602
0.09479487,0.6385795,-0.1976823
0.09635982,0.6366125,-0.1955169
0.09783355,0.6337062,-0.1927439
0.0987936,0.6313534,-0.190193
0.09994315,0.6292253,-0.1876357
0.1005886,0.6277609,-0.1855707
0.1009037,0.6258777,-0.1834566
0.1008057,0.6242651,-0.180871
0.1007639,0.623516,-0.1791026
0.1003105,0.6230732,-0.1774312
0.09992814,0.6232657,-0.1758402
0.09959646,0.6240531,-0.1746102
0.09947165,0.6245108,-0.1737823
0.09899911,0.6249328,-0.1729797
0.09872649,0.6252549,-0.1723715
0.09845721,0.6259946,-0.1719061
0.09848791,0.6267215,-0.1717461
0.09852847,0.6276017,-0.171725
0.09849032,0.6283873,-0.171725
0.09856492,0.6290873,-0.1718426
0.09850375,0.6299018,-0.1718744
0.09847946,0.6305446,-0.1720276
0.09846333,0.6309636,-0.1722702
0.09829008,0.6312224,-0.1723423
0.09805119,0.6313489,-0.172516
0.09786996,0.6314409,-0.1728133
0.09777271,0.6315095,-0.1730011
0.09762136,0.6314445,-0.1734235
0.09737763,0.631338,-0.1738196
0.0971216,0.6311746,-0.1742889
0.09695359,0.631109,-0.1746459
0.09672718,0.6309438,-0.1749283
0.09648228,0.6308001,-0.1753443
0.0963387,0.6307033,-0.1755404
0.0963428,0.6306099,-0.1759068
0.09645269,0.6303064,-0.1763297
0.09672735,0.6299123,-0.1766837
0.0970204,0.629293,-0.17708
0.09726325,0.6286182,-0.177324
0.09751908,0.6278775,-0.1775245
0.097533,0.6275176,-0.1777769
0.09740222,0.6273903,-0.1778917
0.09715504,0.6274331,-0.1779597
0.09687559,0.627599,-0.1778491
0.09649849,0.6279502,-0.1777139
0.09644238,0.6281121,-0.1774652
0.09611547,0.6281675,-0.1772372
0.09580242,0.6278907,-0.1769815
0.0956807,0.6277227,-0.1766765
0.095206,0.6281039,-0.176469
0.09395283,0.6289687,-0.1765309
0.09201914,0.6307043,-0.1771184
0.08879505,0.6345412,-0.1786532
0.08626468,0.6387674,-0.1809939
0.08311315,0.6459598,-0.1849499
0.08031827,0.6532401,-0.1886175
0.07652649,0.6617318,-0.1934074
0.07414089,0.6674429,-0.1975832
0.07176074,0.672007,-0.2014629
0.06956325,0.6761535,-0.205829
0.06858663,0.6801124,-0.2093315
0.06773266,0.6853479,-0.2124413
0.06761943,0.6899276,-0.2145435
0.06850414,0.6952773,-0.216418
0.06950963,0.6989663,-0.2173133
0.07123156,0.7018917,-0.2176969
0.07319789,0.7031053,-0.2178368
0.07600112,0.7028745,-0.2173775
0.07963766,0.7016464,-0.2162199
0.08452778,0.6996477,-0.2158146
0.08969891,0.6972094,-0.2152328
0.09549309,0.6954673,-0.2144013
0.1027172,0.6948817,-0.2137395
0.1105998,0.6953431,-0.2139057
0.1216215,0.6963566,-0.2159032
0.1322219,0.6977286,-0.2179701
0.1429954,0.6988445,-0.2183919
0.1518165,0.6998389,-0.2184018
0.1611936,0.7010818,-0.2190873
0.1699034,0.7033573,-0.221252
0.1768699,0.704932,-0.2229629
0.1835451,0.7056432,-0.2238464
0.1884266,0.7054866,-0.2239197
0.1931288,0.70341,-0.2240121
0.1960571,0.7005668,-0.2240569
0.1991313,0.6990889,-0.2236036
0.2018198,0.6970486,-0.2235629
0.2036584,0.6939655,-0.2231381
0.2029177,0.6933175,-0.2221579
0.2017183,0.689992,-0.2204958
0.2007099,0.6839358,-0.2190582
0.200317,0.6787491,-0.2179271
0.2001463,0.6734229,-0.2170644
0.2005111,0.6680775,-0.216743
0.200464,0.6611289,-0.2160317
0.1992651,0.6539248,-0.2156026
0.1973518,0.6459053,-0.2151925
0.1954082,0.6379665,-0.2153191
0.1943547,0.6281197,-0.2153471
0.1937459,0.6196282,-0.2151988
0.1932832,0.6128432,-0.2149217
0.1921976,0.607725,-0.2150058
0.1908179,0.6040685,-0.2151865
0.1907548,0.6026621,-0.2151638
0.1905466,0.601451,-0.2154558
0.1899913,0.6002833,-0.2159578
0.1896441,0.5989856,-0.2162835
0.1894957,0.5979552,-0.2168141
0.1892845,0.597045,-0.2172317
0.1889681,0.5963502,-0.2175416
0.1884987,0.5959547,-0.2178549
0.1875756,0.5961108,-0.2180974
0.1868525,0.5966296,-0.2179776
0.1862763,0.5971358,-0.2179706
0.1857454,0.5977066,-0.2178354
0.1852022,0.5981189,-0.2175483
0.1847483,0.5984871,-0.217337
0.1839795,0.5990502,-0.2170064
0.1834929,0.5994797,-0.2167876
0.1829761,0.5999272,-0.2164642
0.1822164,0.6002609,-0.2158549
0.1816936,0.6005173,-0.2152471
0.1807872,0.6010869,-0.2143883
0.1799584,0.6017545,-0.2136539
0.1788425,0.6025221,-0.2124642
0.1782712,0.6029065,-0.2114289
0.1777298,0.6030251,-0.2102302
0.1769794,0.602953,-0.2090883
0.176001,0.602504,-0.2077093
0.1748289,0.6026737,-0.206513
0.1740747,0.6029398,-0.2056673
0.1729622,0.6037534,-0.2046536
0.1718773,0.6040331,-0.2034498
