0.1085236,0.7200437,0.08429842
0.1087253,0.7199388,0.08450215
0.1093452,0.720006,0.08587669
0.1095398,0.7201155,0.0864502
0.1094408,0.7201541,0.0864331
0.109253,0.7205563,0.08637609
0.1090223,0.7211567,0.08625285
0.108861,0.7216352,0.08611582
0.1088039,0.7218965,0.08587418
0.1091937,0.7217978,0.08591114
0.1097509,0.72185,0.08573513
0.1107579,0.7224186,0.08528803
0.1118725,0.7241307,0.08431782
0.1135718,0.7269091,0.08333693
0.1156864,0.7297514,0.08235244
0.118144,0.7335458,0.08040391
0.1202867,0.7361695,0.07913344
0.1224235,0.7384515,0.07846884
0.1250392,0.7388192,0.07875071
0.1282558,0.7391029,0.07875903
0.1309881,0.7393242,0.07805954
0.1336296,0.7400164,0.07610027
0.1366513,0.740926,0.0730245
0.1404619,0.7425318,0.07019986
0.1435344,0.7444213,0.06784551
0.1462693,0.745467,0.06684346
0.1484512,0.7466829,0.06696312
0.1494371,0.7470475,0.06784119
0.149213,0.7465118,0.06848936
0.1483178,0.7457996,0.06789522
0.1456333,0.7439283,0.06605934
0.1408605,0.7421451,0.06324668
0.1347083,0.7400722,0.05936269
0.1308268,0.7368986,0.05570994
0.125973,0.7313429,0.0514821
0.1220752,0.7292781,0.04892714
0.1177688,0.7276993,0.04641072
0.1145307,0.7275003,0.04626216
0.1093846,0.7276199,0.04786311
0.1059112,0.7280834,0.04991476
0.1028861,0.7280207,0.05208449
0.1003573,0.7259553,0.05421443
0.09828638,0.7247265,0.05548574
0.0963239,0.7238706,0.05636396
0.09511726,0.7235051,0.05707507
0.09420854,0.7234097,0.05775367
0.09344776,0.7233561,0.05835985
0.09295195,0.7231448,0.05886088
0.09262529,0.7232395,0.05916743
0.09231481,0.7235684,0.05939035
0.09200627,0.7239369,0.05972926
0.09183969,0.7240708,0.0598871
0.09171857,0.7240761,0.05994157
0.09151652,0.7241024,0.05993752
0.09141912,0.7240868,0.05978464
0.09128758,0.7241264,0.05958973
0.09115501,0.7242098,0.05956374
0.09111778,0.7241512,0.05953018
0.09125714,0.7247406,0.05918528
0.09138635,0.7249845,0.05904309
0.09187052,0.7258733,0.05847843
0.09211712,0.7262228,0.05817698
0.09471174,0.7303463,0.05617581
0.1003797,0.7352274,0.05398957
0.1077718,0.7434692,0.0531338
0.1187371,0.7521731,0.05052148
0.1298324,0.7577981,0.0464813
0.1428494,0.7624851,0.0535516
0.1531553,0.7612126,0.06062369
0.1573773,0.7592059,0.06452309
0.1590051,0.7594298,0.06730352
0.1587886,0.7599701,0.068422
0.1573686,0.7606216,0.06931625
0.1567518,0.7610719,0.07006817
0.1572187,0.7612833,0.07178645
0.158357,0.7613748,0.07343124
0.159609,0.7605823,0.07414247
0.161377,0.7597349,0.07405894
0.163084,0.7599621,0.07339571
0.1640566,0.760588,0.0718082
0.1642325,0.7608767,0.07022934
0.1638704,0.7611812,0.06944261
0.1629868,0.7612842,0.06932788
0.1612854,0.7615618,0.06903352
0.1577231,0.7627062,0.06813107
0.153974,0.7637368,0.06758203
0.1492573,0.7653478,0.06783019
0.1457052,0.7652219,0.069142
0.1435712,0.7633551,0.07043819
0.1424527,0.7610605,0.07095085
0.1412052,0.7587922,0.07169209
0.1399177,0.7569743,0.07181518
0.1381939,0.7549141,0.07237928
0.1365799,0.753876,0.07324682
0.1354085,0.7540351,0.07299446
0.1344829,0.7553199,0.07293226
0.1341207,0.7565413,0.07348125
0.134302,0.7572332,0.07377766
0.1346245,0.7578843,0.07384424
0.1352603,0.7580405,0.0743687
0.1355225,0.7577885,0.07479577
0.1360298,0.7568255,0.0751491
0.1366493,0.7558697,0.07563464
0.1374575,0.754612,0.07563774
0.1383304,0.7531632,0.07545401
0.1395981,0.750991,0.07528158
0.1401534,0.7494578,0.07537512
0.1406406,0.748033,0.07538716
0.140728,0.7468215,0.07495858
0.1408137,0.7464405,0.07484715
0.1404647,0.7472597,0.07476069
0.1399586,0.7482887,0.07515453
0.13942,0.7496611,0.07529704
0.139604,0.7509211,0.074807
0.139095,0.7526109,0.07528763
0.1387176,0.7543833,0.07620908
0.1385782,0.755843,0.07783295
0.1388696,0.7570615,0.07983492
0.1404755,0.7584164,0.08174984
0.1420494,0.7588421,0.08346601
0.1435937,0.7588206,0.08564328
0.1452597,0.7582322,0.08824377
0.1462997,0.7578503,0.08948766
0.1471272,0.7574883,0.09097542
0.1476948,0.7570923,0.09213527
0.1489366,0.7563074,0.09341459
0.149619,0.7558766,0.09462474
0.1505187,0.7550511,0.09553443
0.15116,0.7540796,0.09617804
0.1517835,0.752976,0.09646042
0.151741,0.7517784,0.09672408
0.1515136,0.7508969,0.09676351
0.1516179,0.7497903,0.0968848
0.1510016,0.7481323,0.09598665
0.1507159,0.7470271,0.09494762
0.1502814,0.746156,0.0937544
0.1495034,0.745276,0.09200297
0.1491344,0.7451547,0.08992831
0.1481883,0.7451068,0.08756535
0.1483955,0.7459145,0.08578609
0.1479828,0.7460039,0.08427565
0.1477583,0.7461243,0.08268459
0.1468697,0.7457076,0.08175565
0.146116,0.7453516,0.08040141
0.1451182,0.7449542,0.07903104
0.1443781,0.7445479,0.07770692
0.1427955,0.7446733,0.07592784
0.1414468,0.7437198,0.075029
0.1401533,0.7437978,0.0744461
0.1387996,0.7436021,0.07450835
0.1356511,0.7426966,0.07563807
0.1335949,0.742019,0.07736923
0.1314205,0.7409418,0.07858993
0.129438,0.7398277,0.08037628
0.1270251,0.7384954,0.08440493
0.126011,0.7382503,0.08558936
0.1246776,0.7371624,0.08663629
0.1237316,0.7361754,0.08680145
0.1218005,0.7359501,0.08608894
0.1186435,0.7350009,0.08266459
0.1164423,0.7348124,0.0796703
0.1137054,0.7329453,0.07547311
0.1124894,0.7303432,0.07065259
0.1111009,0.7285112,0.06801789
0.1085747,0.7265872,0.06625472
0.1056969,0.7252678,0.06575333
0.1029405,0.7232444,0.0667824
0.1004775,0.7211135,0.06804402
0.09818123,0.7192667,0.06906541
0.09656391,0.7177228,0.06976356
0.09509071,0.7164412,0.07026432
0.09383941,0.7158076,0.07059418
0.09297219,0.7161376,0.0704882
0.09217256,0.7165945,0.0699722
0.09169698,0.7167819,0.06886326
0.09159015,0.7174233,0.06758465
0.09147654,0.7181318,0.06649841
0.09130865,0.7185972,0.06584848
0.09109585,0.7188812,0.06545381
0.09092572,0.7187045,0.06518818
0.09048487,0.71851,0.06510584
0.08999573,0.7185481,0.0652083
0.08943157,0.7188178,0.06484382
0.08927642,0.7193637,0.06423096
0.08938639,0.720042,0.06369434
0.08971094,0.7203936,0.06339382
0.09029521,0.7205978,0.06319217
0.09093633,0.7208596,0.06298147
0.09179373,0.721286,0.062575
0.09245077,0.721602,0.06207483
0.09294967,0.7217591,0.06166555
0.0929766,0.7216642,0.06153081
0.09259801,0.7215622,0.06164242
8.603297,0.7214745,1.030746
8.603214,0.7214727,1.03087
8.603176,0.7217017,1.030854
8.603358,0.7220805,1.030657
8.603747,0.7226692,1.030362
8.604198,0.7233339,1.029949
8.604839,0.7239913,1.029535
8.605529,0.7243825,1.02921
8.606091,0.7247878,1.02899
8.606491,0.7251195,1.028906
8.606894,0.7253543,1.029116
8.607247,0.7255078,1.02931
8.607689,0.7256861,1.029495
8.608298,0.7258545,1.029698
8.608939,0.7258292,1.029827
8.609569,0.7256568,1.030032
8.61068,0.7256709,1.030026
8.612305,0.7263415,1.029719
8.614619,0.727455,1.028694
8.616892,0.7287112,1.028003
8.618783,0.7293966,1.027081
8.620134,0.7299111,1.025885
8.621162,0.7310699,1.02457
8.622133,0.7329046,1.022977
8.622348,0.7344907,1.021935
8.622751,0.7369166,1.020874
8.622334,0.7389558,1.019899
8.621749,0.7413587,1.018865
8.621244,0.7438789,1.019058
8.620979,0.7456463,1.020157
8.620446,0.7469097,1.022261
8.620081,0.7478421,1.024282
8.619655,0.7486876,1.025841
8.619093,0.7490907,1.02619
8.61845,0.7492731,1.026271
8.618229,0.7489334,1.026135
8.617243,0.7480341,1.026338
8.616103,0.746789,1.026371
8.614141,0.7448726,1.025938
8.611817,0.7429183,1.024324
8.608503,0.7401217,1.02249
8.605266,0.7363408,1.020726
8.602044,0.7332023,1.019374
8.597659,0.7301486,1.01656
8.595244,0.7271424,1.013282
8.594205,0.724531,1.011827
8.590728,0.7191386,1.010414
8.587392,0.711994,1.010068
8.584218,0.6978231,1.008922
8.582692,0.6809552,1.006605
8.583606,0.6636717,0.9996228
8.583859,0.6533599,0.9964941
8.583859,0.6533599,0.9964941
8.583859,0.6533599,0.9964941
8.583859,0.6533599,0.9964941
8.583859,0.6533599,0.9964941
8.583859,0.6533599,0.9964941
8.583859,0.6533599,0.9964941
8.583859,0.6533599,0.9964941
8.583859,0.6533599,0.9964941
8.583859,0.6533599,0.9964941
8.583859,0.6533599,0.9964941
8.583859,0.6533599,0.9964941
8.583859,0.6533599,0.9964941
8.583859,0.6533599,0.9964941
8.583859,0.6533599,0.9964941
8.583859,0.6533599,0.9964941
8.583859,0.6533599,0.9964941
8.583859,0.6533599,0.9964941
8.583859,0.6533599,0.9964941
8.583859,0.6533599,0.9964941
8.583859,0.6533599,0.9964941
8.583859,0.6533599,0.9964941
8.583859,0.6533599,0.9964941
8.583859,0.6533599,0.9964941
8.583859,0.6533599,0.9964941
8.583859,0.6533599,0.9964941
8.583859,0.6533599,0.9964941
8.583859,0.6533599,0.9964941
8.583859,0.6533599,0.9964941
8.583859,0.6533599,0.9964941
8.583859,0.6533599,0.9964941
8.583859,0.6533599,0.9964941
8.583859,0.6533599,0.9964941
8.583859,0.6533599,0.9964941
8.583859,0.6533599,0.9964941
8.583859,0.6533599,0.9964941
8.583859,0.6533599,0.9964941
8.583859,0.6533599,0.9964941
8.583859,0.6533599,0.9964941
8.583859,0.6533599,0.9964941
8.583859,0.6533599,0.9964941
8.583859,0.6533599,0.9964941
8.583859,0.6533599,0.9964941
8.583859,0.6533599,0.9964941
8.583859,0.6533599,0.9964941
8.641953,0.6717487,0.8133677
8.637537,0.6655119,0.8057076
8.633189,0.6608527,0.8039587
8.629314,0.6554511,0.802904
8.62892,0.6550005,0.803117
8.628666,0.6544963,0.8029081
8.628572,0.6543999,0.8025388
8.628772,0.6546233,0.8017408
8.62881,0.654903,0.800795
8.628662,0.6551526,0.799677
8.628866,0.6555905,0.7978536
8.629387,0.6562986,0.7952154
8.629695,0.6568051,0.7930611
8.629491,0.6570571,0.7902026
8.62988,0.6578974,0.7874905
8.630486,0.6588205,0.7843728
8.631212,0.6592615,0.7824141
8.63233,0.6603423,0.7804961
8.633585,0.6615494,0.7782498
8.634756,0.6626578,0.775954
8.635096,0.6632801,0.7741311
8.634892,0.6633583,0.7726839
8.634345,0.6634374,0.7715719
8.634108,0.6643673,0.7709196
8.634467,0.6659918,0.7709481
8.634518,0.6670149,0.7710503
8.633836,0.6678237,0.7708585
8.633118,0.6685862,0.7710515
8.632202,0.6692572,0.7716558
8.631473,0.6694313,0.772217
8.630041,0.6696211,0.7727575
8.628062,0.6696275,0.7732158
8.626551,0.6695924,0.7739588
8.6245,0.6694177,0.7751688
8.622252,0.6692031,0.7763188
8.619643,0.6685711,0.7771407
8.617572,0.6682908,0.7782537
8.61555,0.6682972,0.7793889
8.614214,0.6681055,0.7804068
8.612798,0.6675633,0.7811854
8.611486,0.6675029,0.7817269
8.609754,0.667016,0.7818328
8.608256,0.6667722,0.7818918
8.607055,0.6664093,0.782347
8.605789,0.6661823,0.7832375
8.604969,0.6661194,0.7838129
8.604112,0.6662088,0.7843977
8.603476,0.6663747,0.7849399
8.603203,0.6663941,0.7849178
8.60303,0.6661548,0.7849613
8.60294,0.6651407,0.7843648
8.602652,0.6640441,0.7835921
8.602712,0.6631718,0.7822693
8.602708,0.6626473,0.7807548
8.602559,0.6620652,0.7782004
8.602829,0.6616674,0.7757338
8.602974,0.6612433,0.7726405
8.60365,0.6614671,0.7698083
8.604264,0.6611266,0.7666367
8.604955,0.6609042,0.76271
8.606035,0.6611643,0.7591047
8.607816,0.6615918,0.7547705
8.609735,0.6619323,0.7506208
8.611714,0.6619729,0.7454626
8.613659,0.6621283,0.7402521
8.616736,0.6620201,0.7338237
8.619407,0.661896,0.7269268
8.623873,0.6623531,0.7184631
8.629757,0.6630087,0.7111199
8.63667,0.6633692,0.7027115
8.645931,0.6624554,0.6935516
8.656839,0.6617554,0.6841277
8.667827,0.6598921,0.6758608
8.677268,0.6565887,0.6663269
8.688433,0.6533058,0.6558942
8.69836,0.6498945,0.6466799
8.710032,0.6452815,0.6356871
8.718612,0.6402382,0.6260887
8.728543,0.6330142,0.6153921
8.736719,0.6264364,0.6065306
8.747123,0.6181127,0.5975177
8.757146,0.6097966,0.588999
8.765664,0.601745,0.582738
8.774147,0.5938895,0.5771096
8.782629,0.585762,0.5717041
8.788116,0.5804397,0.5682619
8.793257,0.5763233,0.5657912
8.801286,0.5749655,0.5634916
8.808412,0.5737065,0.5619056
8.815602,0.5737482,0.5610783
8.822373,0.5741335,0.5610419
8.829003,0.5738359,0.560882
8.834051,0.5726819,0.5599191
8.839516,0.5706989,0.5582811
8.84371,0.5689043,0.5571029
8.848689,0.5674571,0.5561683
8.852275,0.5669611,0.5547432
8.853445,0.5663085,0.5535924
8.8545,0.5659611,0.5520626
8.855152,0.5653509,0.5504494
8.855192,0.5655122,0.5484512
8.855315,0.566316,0.5468178
8.855155,0.5677517,0.5454279
8.854482,0.5700904,0.5445997
8.852992,0.5729325,0.544412
8.851275,0.5756366,0.5444628
8.849644,0.57844,0.5448847
8.847909,0.5813668,0.5456046
8.84634,0.5840682,0.5465612
8.844742,0.5866438,0.547914
8.842925,0.5900445,0.5499848
8.84136,0.5928458,0.5521363
8.839578,0.5961786,0.5549368
8.838235,0.5989087,0.5574324
8.836604,0.6026372,0.5610535
8.835074,0.6062449,0.5644646
8.833843,0.6097844,0.5679151
8.833093,0.6132469,0.570524
8.832466,0.6168689,0.5735256
8.831157,0.620738,0.5767725
8.830443,0.6238743,0.5792012
8.82963,0.6267747,0.5818058
8.828683,0.6293097,0.5842217
8.827729,0.6326469,0.5874175
8.827053,0.6355008,0.5901198
8.826489,0.6379446,0.5923575
8.826295,0.6398899,0.5942083
8.825913,0.6417642,0.5962546
8.825505,0.6435705,0.5978436
8.825297,0.6450074,0.5994246
8.825129,0.6462545,0.6008159
8.825146,0.6473563,0.6021747
8.824843,0.6488334,0.6035549
8.825086,0.6497443,0.6044306
8.825094,0.6507607,0.605362
8.824862,0.6517053,0.6063533
8.824653,0.6528048,0.6073004
8.824201,0.6538786,0.6082042
8.823626,0.6547597,0.608976
8.822944,0.6557232,0.6097761
8.822092,0.6566122,0.6107996
8.820735,0.6576604,0.6118423
8.819099,0.659118,0.6131072
8.817028,0.6606143,0.6140253
8.814704,0.662232,0.6150672
8.811449,0.6640096,0.6162955
8.807575,0.6660295,0.6168981
8.803584,0.6678241,0.6174324
8.798206,0.669853,0.6183532
8.792476,0.672036,0.6195279
8.786747,0.6745294,0.6206635
8.780736,0.677528,0.6222713
8.774479,0.6807814,0.6237556
8.767817,0.6843377,0.6256019
8.76177,0.6873102,0.6272663
8.754507,0.6910248,0.629644
8.747895,0.6946064,0.6319379
8.738626,0.6996575,0.6357964
8.732309,0.7029489,0.6387416
8.725452,0.7075461,0.6424825
8.718903,0.7114399,0.6466392
8.712366,0.7153879,0.6510825
8.704528,0.7207864,0.6572819
8.698736,0.725086,0.6626355
8.69306,0.7299061,0.6684148
8.688904,0.7337981,0.6733211
8.693402,0.7429838,0.6862526
8.704782,0.7553661,0.7038791
8.701818,0.7595261,0.7096131
8.698903,0.7638909,0.7160068
8.696253,0.7681568,0.7230518
8.694184,0.771719,0.7293035
8.692528,0.7750691,0.735669
8.687575,0.7820832,0.7523965
8.686933,0.7850305,0.7601059
8.685956,0.7887939,0.7699161
8.685963,0.791445,0.776789
8.687223,0.7960964,0.7879391
8.688792,0.801324,0.8003652
8.690651,0.8056362,0.8129668
8.694039,0.809954,0.8283245
8.696822,0.8124645,0.8379343
8.700143,0.81525,0.8494335
8.703836,0.8178075,0.8590139
8.708414,0.8206881,0.8687112
8.715138,0.825035,0.8776607
8.721708,0.8285332,0.8855619
8.728504,0.831511,0.8933961
8.734804,0.8341292,0.8996624
8.741599,0.8370674,0.9050482
8.748663,0.8398498,0.9105656
8.754558,0.8423489,0.9154829
8.76028,0.8442107,0.9201042
8.766104,0.8456298,0.924714
8.771311,0.847051,0.9301615
8.776086,0.8491929,0.9352576
8.781854,0.8517768,0.9412049
8.787082,0.8540388,0.9474103
8.792991,0.8566888,0.9525853
8.79897,0.8588212,0.9582289
8.80461,0.8614567,0.9635293
8.809612,0.8632162,0.9692828
8.814267,0.8646403,0.9748527
8.820223,0.8662589,0.9798186
8.825396,0.8674175,0.9831837
8.828892,0.8694928,0.9850464
8.830067,0.8726349,0.9859356
8.827837,0.8774456,0.9875151
8.823555,0.8819911,0.9906666
8.816248,0.8874477,0.9967153
8.808516,0.8938306,1.003943
8.799092,0.9006191,1.012052
8.787702,0.9071028,1.021308
8.774282,0.9120985,1.031889
8.758981,0.9158326,1.0454
8.744884,0.9188989,1.056968
8.730257,0.9220296,1.067165
8.718656,0.9246333,1.077313
8.707309,0.9266611,1.089452
8.699565,0.928166,1.098569
8.6888,0.9295338,1.109988
8.679614,0.929482,1.120045
8.672998,0.9291791,1.129323
8.670474,0.9287606,1.134915
8.668096,0.9284771,1.138231
8.666018,0.9282945,1.140157
8.66425,0.9281774,1.140957
8.659931,0.9275417,1.140799
8.659666,0.9233609,1.145077
8.663539,0.9190812,1.143927
8.668697,0.917213,1.140588
8.674977,0.9168277,1.137616
8.682986,0.9144443,1.134682
8.688606,0.9087294,1.132804
8.69218,0.902607,1.131985
8.694906,0.8978822,1.131704
8.696157,0.8941696,1.132467
8.697172,0.8901705,1.132874
8.697252,0.8860932,1.130924
8.697994,0.8820782,1.126755
8.699731,0.876817,1.120508
8.702971,0.8694111,1.111183
8.707528,0.8605838,1.097103
8.711127,0.8516832,1.079994
8.714215,0.8417342,1.060043
8.715271,0.8312085,1.037029
8.716087,0.8202212,1.011066
8.716223,0.8091951,0.9830559
8.715484,0.7978039,0.9575818
8.715469,0.7847046,0.9307359
8.716964,0.7715979,0.9035631
8.719367,0.7593264,0.8772927
8.723586,0.7476056,0.8501601
8.7313,0.7376199,0.8246612
8.740041,0.7299368,0.8034272
8.749279,0.7244175,0.7840835
8.759172,0.7199679,0.7650331
8.76817,0.7167316,0.7488974
8.777584,0.713868,0.733569
8.785267,0.7116151,0.7212031
8.793653,0.7092474,0.708961
8.801735,0.7067078,0.6981288
8.808578,0.7045015,0.689678
8.815211,0.7021948,0.6804546
8.822885,0.7003899,0.6709176
8.829185,0.6974282,0.6614707
8.831052,0.6905769,0.6515775
8.82941,0.6826068,0.6425967
8.826143,0.6724567,0.6314921
8.821754,0.6627253,0.6208123
8.813879,0.6493371,0.6079972
8.806175,0.638419,0.5968982
8.79694,0.6279212,0.5845552
8.787128,0.6191937,0.5731155
8.775119,0.6101313,0.5611333
8.764958,0.6027369,0.5527011
8.755977,0.5962883,0.5455527
8.748793,0.5911164,0.5397278
8.742416,0.5868661,0.53434
8.737394,0.5846477,0.5300209
8.733133,0.5833739,0.5256141
8.730333,0.5825666,0.5215529
8.729373,0.5820458,0.5188031
8.730488,0.5832204,0.5169069
8.733562,0.585211,0.5169016
8.73733,0.5876676,0.5184985
8.741735,0.5909921,0.5219592
8.745246,0.594147,0.525659
8.74906,0.5970572,0.5310916
8.754168,0.6008976,0.5371634
8.758922,0.605075,0.543635
8.763416,0.6088421,0.5486953
8.76823,0.6130203,0.554037
8.772574,0.6168838,0.5579509
8.776559,0.6200774,0.5624197
8.778909,0.6217332,0.5648234
8.781359,0.6230763,0.5669208
8.782842,0.6240965,0.5684239
8.783077,0.6243195,0.5692787
8.782084,0.6232741,0.5694165
8.780169,0.6204643,0.5684508
8.77772,0.6163224,0.5667386
8.775043,0.6115439,0.5646876
8.773537,0.6070429,0.5627048
8.772057,0.6044171,0.5619899
8.771144,0.6034729,0.5624318
8.77084,0.6036317,0.5633689
8.771338,0.604281,0.5643979
8.771872,0.6037461,0.565446
8.772498,0.6026498,0.5659369
8.773308,0.601887,0.5662862
8.774141,0.6010746,0.5660277
8.774737,0.6005621,0.5658167
8.775663,0.6005667,0.5653925
8.776187,0.5998654,0.564218
8.776478,0.5989556,0.562437
8.776761,0.5978349,0.5601832
8.775802,0.5965094,0.5572875
8.775208,0.5954306,0.5539427
8.773709,0.5943117,0.550559
8.77149,0.592486,0.5472981
8.768182,0.590448,0.5446998
8.765556,0.588974,0.5432081
8.76493,0.5888293,0.5425109
8.764619,0.5894995,0.5429649
8.766999,0.5956061,0.5459327
8.771134,0.6087269,0.5509982
8.773869,0.6287365,0.5601065
8.773013,0.6530965,0.5699102
8.767716,0.6814881,0.5791751
8.760243,0.7067512,0.5880894
8.756534,0.7238198,0.5967657
8.753688,0.7296522,0.6014013
8.747395,0.7275007,0.6029252
8.738154,0.7225251,0.6037611
8.729647,0.7198136,0.606773
8.722184,0.7231037,0.6089755
8.715059,0.7266238,0.6071355
8.715734,0.7253376,0.6045501
8.721022,0.7184687,0.605116
8.727676,0.7070211,0.607888
8.731535,0.695397,0.6117802
8.732132,0.6899866,0.6149933
8.730487,0.6853077,0.6167124
8.728806,0.6816568,0.6162369
8.728084,0.6785995,0.613955
8.72857,0.6757711,0.610635
8.730611,0.671742,0.6063159
8.735105,0.6694546,0.6035426
8.739851,0.6671875,0.6030098
8.742917,0.6647933,0.6033845
8.74468,0.6619247,0.6033677
8.744292,0.6593118,0.6021872
8.743242,0.6563924,0.6006792
8.743436,0.6541442,0.5994421
8.743816,0.6512371,0.59858
8.744004,0.6488309,0.5983148
8.7439,0.6470196,0.598052
8.74405,0.6465887,0.596977
8.74465,0.6466557,0.5950369
8.743844,0.6440423,0.5936232
8.742172,0.6383682,0.593128
8.737738,0.6289523,0.5937435
8.733212,0.6216475,0.5938261
8.729735,0.6156221,0.5929888
8.72912,0.6127163,0.5924796
8.730362,0.611048,0.5920085
8.732398,0.6097817,0.5918919
8.734592,0.6081971,0.5923947
8.736473,0.6074631,0.5933368
8.737909,0.6080384,0.5946817
8.737741,0.6106337,0.5961979
8.736804,0.6175707,0.5978208
8.735129,0.6271317,0.5985707
8.732889,0.636367,0.5986356
8.729447,0.648057,0.5989385
8.72707,0.6586571,0.6024306
8.725504,0.6699859,0.6103849
8.72341,0.6796102,0.6189504
8.721162,0.6892237,0.6288253
8.71621,0.6976328,0.6397103
8.711987,0.7063015,0.6505333
8.710655,0.7173234,0.6610428
8.706644,0.7232717,0.6705042
8.701408,0.7272344,0.6819766
8.69621,0.7299369,0.6923818
8.69318,0.7329701,0.7019957
8.69118,0.7341109,0.7083725
8.689704,0.7341307,0.7139308
8.68992,0.734103,0.716675
8.693799,0.7328766,0.7167441
8.699038,0.7318264,0.714182
8.706498,0.7295777,0.7089589
8.712417,0.7256911,0.7009491
8.718595,0.7194861,0.6911158
8.725171,0.710998,0.681676
8.730677,0.6990495,0.6728001
8.734983,0.6862493,0.6633942
8.738994,0.6763611,0.6555713
8.740211,0.6665111,0.6483642
8.740326,0.6582292,0.6423237
8.7399,0.6514164,0.6374911
8.738845,0.646414,0.6332336
8.737072,0.6425598,0.6286889
8.734887,0.6394914,0.6236405
8.732105,0.6362363,0.6202257
8.728448,0.632591,0.6179245
8.725313,0.6296664,0.6166396
8.722235,0.6267491,0.6156566
8.719737,0.6242325,0.6158204
8.716566,0.6231775,0.6173825
8.713852,0.6211677,0.6193639
8.713679,0.6183032,0.6224657
8.713154,0.616087,0.628711
8.713154,0.616087,0.628711
8.713154,0.616087,0.628711
8.713154,0.616087,0.628711
8.713154,0.616087,0.628711
8.713154,0.616087,0.628711
8.713154,0.616087,0.628711
8.713154,0.616087,0.628711
8.713154,0.616087,0.628711
8.713154,0.616087,0.628711
8.713154,0.616087,0.628711
8.713154,0.616087,0.628711
8.713154,0.616087,0.628711
8.713154,0.616087,0.628711
8.713154,0.616087,0.628711
8.713154,0.616087,0.628711
8.713154,0.616087,0.628711
8.713154,0.616087,0.628711
8.713154,0.616087,0.628711
8.713154,0.616087,0.628711
8.713154,0.616087,0.628711
8.713154,0.616087,0.628711
8.713154,0.616087,0.628711
8.713154,0.616087,0.628711
8.713154,0.616087,0.628711
8.713154,0.616087,0.628711
8.713154,0.616087,0.628711
8.713154,0.616087,0.628711
8.713154,0.616087,0.628711
8.713154,0.616087,0.628711
8.713154,0.616087,0.628711
8.713154,0.616087,0.628711
8.713154,0.616087,0.628711
8.713154,0.616087,0.628711
8.713154,0.616087,0.628711
8.713154,0.616087,0.628711
8.713154,0.616087,0.628711
8.713154,0.616087,0.628711
8.713154,0.616087,0.628711
8.713154,0.616087,0.628711
8.713154,0.616087,0.628711
8.713154,0.616087,0.628711
8.713154,0.616087,0.628711
8.713154,0.616087,0.628711
8.713154,0.616087,0.628711
8.713154,0.616087,0.628711
8.713154,0.616087,0.628711
8.713154,0.616087,0.628711
8.713154,0.616087,0.628711
8.713154,0.616087,0.628711
8.713154,0.616087,0.628711
8.713154,0.616087,0.628711
8.713154,0.616087,0.628711
8.713154,0.616087,0.628711
8.713154,0.616087,0.628711
8.713154,0.616087,0.628711
8.713154,0.616087,0.628711
8.713154,0.616087,0.628711
8.713154,0.616087,0.628711
8.713154,0.616087,0.628711
8.713154,0.616087,0.628711
8.713154,0.616087,0.628711
8.713154,0.616087,0.628711
8.713154,0.616087,0.628711
8.713154,0.616087,0.628711
8.713154,0.616087,0.628711
8.713154,0.616087,0.628711
8.713154,0.616087,0.628711
8.713154,0.616087,0.628711
8.713154,0.616087,0.628711
8.713154,0.616087,0.628711
8.713154,0.616087,0.628711
8.713154,0.616087,0.628711
8.713154,0.616087,0.628711
8.745089,0.6613649,0.6379105
8.738955,0.6576521,0.6397153
8.74239,0.6593102,0.6414254
8.744975,0.6607903,0.6420072
8.743496,0.6616781,0.6417875
8.741319,0.6630376,0.6418892
8.739074,0.6644972,0.6412393
8.737726,0.6648389,0.6406261
8.73666,0.6654928,0.6395504
8.736349,0.6653112,0.639107
8.736357,0.6657143,0.6382906
8.736336,0.6666489,0.6377188
8.737266,0.6679168,0.6372784
8.739056,0.6689051,0.6373734
8.741723,0.6690221,0.6376986
8.745873,0.6673732,0.6383059
8.748388,0.6655112,0.6390127
8.751189,0.6628024,0.6402546
8.752091,0.6604319,0.641013
8.751204,0.6593586,0.6411724
8.750454,0.6585576,0.6422453
8.748335,0.6593891,0.6442782
8.745107,0.6611733,0.6476614
8.742318,0.6625181,0.6515719
8.739694,0.6641725,0.657656
8.738099,0.6666942,0.6627212
8.735467,0.6691338,0.6683518
8.732824,0.6722634,0.6732642
8.730469,0.674933,0.6781086
8.727488,0.6771681,0.6823009
8.725083,0.6789202,0.6866367
8.723028,0.6794655,0.6907899
8.721387,0.679374,0.6943877
8.719809,0.6784738,0.6970152
8.718487,0.6767853,0.6992214
8.717304,0.6738307,0.7014541
8.716402,0.6696129,0.7034659
8.715705,0.6652403,0.7056578
8.715481,0.6609996,0.7078122
8.71542,0.6572402,0.7090624
8.715293,0.6541329,0.7096015
8.715488,0.6514001,0.7094414
8.716249,0.6492279,0.70872
8.717355,0.6480944,0.7078779
8.718467,0.6475704,0.7066658
8.720125,0.6471974,0.7054957
8.72105,0.6467406,0.7042571
8.721792,0.6453827,0.7025768
8.721803,0.6436471,0.7003877
8.721694,0.641497,0.6977549
8.721254,0.6388227,0.6945917
8.71996,0.6359635,0.6906736
8.718215,0.6337571,0.6866999
8.71738,0.6316042,0.6837816
8.717397,0.6290126,0.6801466
8.718051,0.6273192,0.6784552
8.719528,0.6260084,0.6771897
8.72104,0.6245492,0.6764024
8.7222,0.6232469,0.675487
8.723238,0.623014,0.6756967
8.72462,0.6232731,0.676535
8.724767,0.6239156,0.6782385
8.725055,0.6239812,0.6807929
8.724953,0.6229697,0.6834089
8.72292,0.6196556,0.6854062
8.719692,0.6139301,0.6876363
8.71852,0.6090454,0.6900706
8.718181,0.6042182,0.698311
8.717583,0.6015369,0.7030336
8.715406,0.5965245,0.7081251
8.713037,0.5910868,0.7120037
8.709964,0.5865823,0.7147865
8.706955,0.584816,0.7163236
8.704067,0.5845516,0.7175918
8.701678,0.5849497,0.7201455
8.699924,0.5858439,0.7225286
8.699937,0.58839,0.7268547
8.700538,0.5911908,0.7309417
8.702637,0.5954345,0.7358578
8.706707,0.6010004,0.7408857
8.709934,0.6059382,0.7459329
8.713605,0.610561,0.7502826
8.715864,0.6147141,0.7545656
8.717296,0.6181859,0.7584224
8.718311,0.6211981,0.7622674
8.719586,0.623503,0.7663385
8.720416,0.625325,0.7701451
8.721945,0.6267284,0.7733704
8.722811,0.627682,0.7765051
8.723881,0.6303201,0.779672
8.725838,0.6334399,0.7823701
8.728594,0.6371426,0.7852927
8.731385,0.6408664,0.7882713
8.731385,0.6408664,0.7882713
8.731385,0.6408664,0.7882713
8.731385,0.6408664,0.7882713
8.731385,0.6408664,0.7882713
8.731385,0.6408664,0.7882713
8.731385,0.6408664,0.7882713
8.731385,0.6408664,0.7882713
8.731385,0.6408664,0.7882713
8.731385,0.6408664,0.7882713
8.731385,0.6408664,0.7882713
8.731385,0.6408664,0.7882713
8.731385,0.6408664,0.7882713
8.731385,0.6408664,0.7882713
8.731385,0.6408664,0.7882713
8.731385,0.6408664,0.7882713
8.731385,0.6408664,0.7882713
8.731385,0.6408664,0.7882713
8.731385,0.6408664,0.7882713
8.731385,0.6408664,0.7882713
8.731385,0.6408664,0.7882713
8.731385,0.6408664,0.7882713
8.731385,0.6408664,0.7882713
8.731385,0.6408664,0.7882713
8.731385,0.6408664,0.7882713
8.731385,0.6408664,0.7882713
8.731385,0.6408664,0.7882713
8.731385,0.6408664,0.7882713
8.731385,0.6408664,0.7882713
8.731385,0.6408664,0.7882713
8.731385,0.6408664,0.7882713
8.731385,0.6408664,0.7882713
8.731385,0.6408664,0.7882713
8.731385,0.6408664,0.7882713
8.731385,0.6408664,0.7882713
8.731385,0.6408664,0.7882713
8.731385,0.6408664,0.7882713
8.731385,0.6408664,0.7882713
8.731385,0.6408664,0.7882713
8.731385,0.6408664,0.7882713
8.731385,0.6408664,0.7882713
8.731385,0.6408664,0.7882713
8.731385,0.6408664,0.7882713
8.731385,0.6408664,0.7882713
8.731385,0.6408664,0.7882713
8.731385,0.6408664,0.7882713
8.731385,0.6408664,0.7882713
8.731385,0.6408664,0.7882713
8.731385,0.6408664,0.7882713
8.731385,0.6408664,0.7882713
8.731385,0.6408664,0.7882713
8.731385,0.6408664,0.7882713
8.731385,0.6408664,0.7882713
8.731385,0.6408664,0.7882713
8.731385,0.6408664,0.7882713
8.731385,0.6408664,0.7882713
8.731385,0.6408664,0.7882713
8.731385,0.6408664,0.7882713
8.731385,0.6408664,0.7882713
8.731385,0.6408664,0.7882713
8.731385,0.6408664,0.7882713
8.731385,0.6408664,0.7882713
8.731385,0.6408664,0.7882713
8.731385,0.6408664,0.7882713
8.731385,0.6408664,0.7882713
8.731385,0.6408664,0.7882713
8.731385,0.6408664,0.7882713
8.731385,0.6408664,0.7882713
8.731385,0.6408664,0.7882713
8.731385,0.6408664,0.7882713
8.731385,0.6408664,0.7882713
8.731385,0.6408664,0.7882713
8.731385,0.6408664,0.7882713
8.731385,0.6408664,0.7882713
8.731385,0.6408664,0.7882713
8.731385,0.6408664,0.7882713
8.731385,0.6408664,0.7882713
8.731385,0.6408664,0.7882713
8.731385,0.6408664,0.7882713
8.731385,0.6408664,0.7882713
8.731385,0.6408664,0.7882713
8.731385,0.6408664,0.7882713
8.731385,0.6408664,0.7882713
8.731385,0.6408664,0.7882713
8.731385,0.6408664,0.7882713
8.731385,0.6408664,0.7882713
8.731385,0.6408664,0.7882713
8.731385,0.6408664,0.7882713
8.731385,0.6408664,0.7882713
8.731385,0.6408664,0.7882713
8.731385,0.6408664,0.7882713
8.731385,0.6408664,0.7882713
8.731385,0.6408664,0.7882713
8.731385,0.6408664,0.7882713
8.731385,0.6408664,0.7882713
8.731385,0.6408664,0.7882713
8.731385,0.6408664,0.7882713
8.731385,0.6408664,0.7882713
8.731385,0.6408664,0.7882713
8.731385,0.6408664,0.7882713
8.731385,0.6408664,0.7882713
8.731385,0.6408664,0.7882713
8.731385,0.6408664,0.7882713
8.731385,0.6408664,0.7882713
8.731385,0.6408664,0.7882713
8.731385,0.6408664,0.7882713
8.731385,0.6408664,0.7882713
8.731385,0.6408664,0.7882713
8.731385,0.6408664,0.7882713
8.731385,0.6408664,0.7882713
8.731385,0.6408664,0.7882713
8.731385,0.6408664,0.7882713
8.731385,0.6408664,0.7882713
8.731385,0.6408664,0.7882713
8.731385,0.6408664,0.7882713
8.731385,0.6408664,0.7882713
8.731385,0.6408664,0.7882713
8.731385,0.6408664,0.7882713
8.731385,0.6408664,0.7882713
8.731385,0.6408664,0.7882713
8.731385,0.6408664,0.7882713
8.731385,0.6408664,0.7882713
8.731385,0.6408664,0.7882713
8.731385,0.6408664,0.7882713
8.731385,0.6408664,0.7882713
8.731385,0.6408664,0.7882713
8.731385,0.6408664,0.7882713
8.731385,0.6408664,0.7882713
8.731385,0.6408664,0.7882713
8.731385,0.6408664,0.7882713
8.731385,0.6408664,0.7882713
8.731385,0.6408664,0.7882713
8.731385,0.6408664,0.7882713
8.731385,0.6408664,0.7882713
8.731385,0.6408664,0.7882713
8.731385,0.6408664,0.7882713
8.731385,0.6408664,0.7882713
8.731385,0.6408664,0.7882713
8.731385,0.6408664,0.7882713
8.731385,0.6408664,0.7882713
8.731385,0.6408664,0.7882713
8.731385,0.6408664,0.7882713
8.731385,0.6408664,0.7882713
8.730028,0.6455702,0.6604657
8.729295,0.6458042,0.6626698
8.725397,0.6451406,0.6658748
8.72251,0.6447924,0.6695537
8.720503,0.6445879,0.6737626
8.718901,0.6445414,0.6776972
8.717052,0.6443503,0.6825738
8.715605,0.6432348,0.686966
8.714314,0.642673,0.6914411
8.713347,0.641834,0.6961512
8.712854,0.641142,0.7006258
8.712102,0.6404911,0.7045524
8.711367,0.6400835,0.7069051
8.710958,0.6396819,0.707875
8.710676,0.6396266,0.7064674
8.711267,0.6403008,0.7037653
8.712897,0.6415784,0.6992944
8.714645,0.6433736,0.6938665
8.715186,0.6447592,0.6884781
8.712877,0.6445687,0.6826046
8.709419,0.6435405,0.6763639
8.704899,0.6420774,0.669922
8.701031,0.640545,0.6643516
8.69663,0.6388471,0.6578258
8.693078,0.6371721,0.6520148
8.690412,0.6359463,0.6477795
8.688563,0.6345903,0.6438978
8.686822,0.6328973,0.6393639
8.685322,0.6318062,0.6360129
8.683917,0.6306813,0.6329122
8.681756,0.6292941,0.6294364
8.68011,0.6287199,0.6268437
8.679364,0.6285231,0.6247619
8.678505,0.6271822,0.622936
8.676993,0.6259639,0.6213213
8.676449,0.6254179,0.6194577
8.675758,0.6249918,0.617891
8.674753,0.6243964,0.6163609
8.67373,0.6237676,0.6150175
8.672379,0.6226842,0.6137915
8.671124,0.6215475,0.6130254
8.66951,0.6202674,0.611625
8.668042,0.6192835,0.6102753
8.666389,0.6182918,0.6082628
8.664821,0.6173543,0.6066237
8.662905,0.6157796,0.6049635
8.661623,0.6143997,0.603277
8.661193,0.613288,0.601878
8.660971,0.6118717,0.6008295
8.660667,0.6102273,0.5994325
8.660588,0.6088976,0.5984058
8.660133,0.6082259,0.5974874
8.659374,0.6079313,0.5967915
8.657979,0.6079172,0.5956486
8.656513,0.6086155,0.594265
8.655511,0.610341,0.5932842
8.655909,0.6140448,0.5937936
8.657622,0.6185572,0.5957139
8.660656,0.6232355,0.5983607
8.664118,0.6280484,0.601732
8.666076,0.6318058,0.6047232
8.667782,0.6353514,0.6078613
8.669001,0.6388763,0.6106916
8.669157,0.6423042,0.6130102
8.670141,0.6456143,0.6156802
8.672199,0.6501775,0.6188974
8.673503,0.6546031,0.6207268
8.673972,0.6580704,0.6220927
8.674789,0.6620954,0.623298
8.675929,0.6656912,0.624498
8.678118,0.6695731,0.6260195
8.679527,0.671499,0.627219
8.679856,0.6722196,0.6281539
8.679385,0.6724277,0.6286106
8.678596,0.6728354,0.629321
8.677463,0.6733198,0.6303202
8.676368,0.674104,0.6320497
8.676042,0.6756614,0.6338176
8.677497,0.6793846,0.6357467
8.679812,0.6831271,0.6374108
8.683569,0.6888021,0.6388237
8.68717,0.694385,0.640141
8.690834,0.7000151,0.6421142
8.693354,0.7043388,0.6440282
8.694817,0.7076541,0.6459678
8.696189,0.7111586,0.6483846
8.697183,0.7160882,0.6523872
8.697026,0.7205709,0.6562198
8.696289,0.7262085,0.6609712
8.694916,0.7319843,0.6664168
8.693544,0.7386048,0.6740701
8.692507,0.7462612,0.6836311
8.691535,0.7537809,0.6942073
8.690928,0.7626223,0.7068201
8.690736,0.7713531,0.7190242
8.691605,0.7819636,0.7342176
8.692634,0.7900978,0.7482275
8.692335,0.7993267,0.764793
8.693521,0.8094129,0.7804812
8.696274,0.8201806,0.7955818
8.700321,0.8317173,0.8106168
8.704297,0.842506,0.8258486
8.70919,0.8528054,0.8406502
8.714124,0.8619251,0.8544167
8.719493,0.8710287,0.8673385
8.725676,0.8796181,0.8794502
8.731666,0.8881605,0.890559
8.736887,0.8952377,0.9009475
8.742072,0.9019429,0.9112371
8.748133,0.9084943,0.9202831
8.753737,0.9145811,0.9291992
8.758485,0.9193156,0.9370297
8.762755,0.9229911,0.9449493
8.766936,0.9264168,0.9529729
8.770991,0.9287587,0.9602194
8.774927,0.9304827,0.966158
8.778005,0.9313495,0.9712514
8.780441,0.9322346,0.9761685
8.78167,0.9329346,0.9814961
8.781084,0.9336789,0.9856924
8.778874,0.934817,0.9899517
8.774723,0.9362333,0.9946127
8.769916,0.9366017,0.999054
8.764534,0.9369016,1.002774
8.758862,0.9370156,1.005078
8.753501,0.9370196,1.006841
8.748054,0.9371971,1.008463
8.741302,0.9377487,1.010856
8.735293,0.9369209,1.012977
8.729305,0.9353095,1.015323
8.723831,0.9337224,1.017969
8.718966,0.9322632,1.019425
8.713545,0.9305132,1.021853
8.709041,0.9292236,1.02366
8.705081,0.9272295,1.02587
8.701202,0.9258659,1.028232
8.697142,0.9250088,1.030571
8.693129,0.9245093,1.033098
8.689562,0.9239181,1.035544
8.686019,0.9236627,1.037934
8.682884,0.9236367,1.039775
8.679916,0.923941,1.041618
8.676623,0.9238057,1.043007
8.673916,0.9238638,1.044771
8.671348,0.9239118,1.046402
8.668899,0.9239922,1.047793
8.667339,0.9240386,1.049024
8.665769,0.9238642,1.049818
8.664764,0.9236825,1.050067
8.664577,0.9236026,1.049812
8.665278,0.9234655,1.04831
8.666782,0.9231804,1.046167
8.669166,0.9230178,1.043542
8.672298,0.9221287,1.040123
8.676103,0.9212986,1.036978
8.680112,0.9205373,1.034649
8.684557,0.9200402,1.033286
8.688231,0.9194744,1.032653
8.692102,0.9188974,1.032239
8.695795,0.9183243,1.031437
8.699007,0.918235,1.030786
8.701618,0.9180844,1.030317
8.704102,0.9181562,1.029891
8.706614,0.9184363,1.029938
8.708896,0.9187335,1.030081
8.711316,0.9188974,1.029539
8.713811,0.9188643,1.028591
8.716239,0.9187587,1.027986
8.718475,0.9184813,1.027947
8.720781,0.9183694,1.027876
8.7238,0.9182041,1.02734
8.726971,0.9179313,1.027033
8.729485,0.9176586,1.027233
8.732687,0.9168244,1.026314
8.736954,0.9154372,1.024057
8.741447,0.9136844,1.020277
8.745642,0.9115961,1.014684
8.750188,0.9082657,1.005242
8.754772,0.9026288,0.9922
8.759043,0.8957948,0.9767764
8.763023,0.8876253,0.957534
8.765581,0.8788305,0.9397395
8.767187,0.8672619,0.9216459
8.767331,0.8561031,0.9044564
8.766918,0.8435035,0.8854356
8.766258,0.8316827,0.8676015
8.765437,0.8190015,0.8502013
8.764628,0.804406,0.8314048
8.763143,0.7912447,0.8148464
8.761676,0.7781871,0.7963858
8.759756,0.7661542,0.7799677
8.758413,0.7530194,0.7627969
8.758994,0.7418936,0.7485957
8.761304,0.7315512,0.7321965
8.764585,0.7222729,0.7183831
8.767596,0.7142726,0.7054704
8.770259,0.7074752,0.6938397
8.773179,0.7014344,0.6820654
8.776493,0.6966529,0.6712689
8.778846,0.6925119,0.6625896
8.781006,0.6870988,0.6529953
8.78142,0.6818069,0.6466175
8.781464,0.6775501,0.6425263
8.781549,0.674274,0.6400465
8.781526,0.6731892,0.638963
8.781615,0.6735266,0.6389095
8.782318,0.675371,0.6397502
8.782247,0.6776379,0.6411228
8.78237,0.6796871,0.643542
8.782503,0.6807645,0.6474003
8.782173,0.6814131,0.6512893
8.782175,0.681942,0.6559293
8.781648,0.6818894,0.6604877
8.781676,0.6821181,0.6665693
8.782074,0.6825042,0.672203
8.78313,0.6823412,0.6784985
8.784279,0.6817632,0.6850238
8.786549,0.6815649,0.6919606
8.788679,0.6820377,0.6984045
8.790613,0.682131,0.7053111
8.7917,0.6823242,0.7132037
8.792766,0.6830495,0.722135
8.794735,0.6837028,0.732147
8.797862,0.6846628,0.7413281
8.800165,0.6856044,0.7503727
8.800875,0.6854365,0.760213
8.800961,0.684526,0.7700259
8.80001,0.6842449,0.7787741
8.800566,0.6839709,0.7880021
8.801929,0.6835707,0.7962753
8.802945,0.6831563,0.8032379
8.80372,0.6827341,0.8090337
8.80447,0.6835499,0.813143
8.80531,0.6847087,0.8155805
8.805888,0.6864942,0.8173165
8.806121,0.6877158,0.819359
8.806252,0.6895929,0.8216276
8.806662,0.6920136,0.8237528
8.807199,0.6938203,0.8257058
8.807028,0.6960055,0.8266374
8.806043,0.6977888,0.8270715
8.803299,0.69836,0.8274236
8.800223,0.6977704,0.8272645
8.796595,0.6966763,0.8274184
8.793012,0.6963853,0.82816
8.790284,0.6967958,0.8298779
8.787244,0.6973321,0.8310566
8.784207,0.6990376,0.8313605
8.781035,0.7004753,0.8323811
8.779325,0.701566,0.8332699
8.777568,0.7028573,0.8333582
8.775556,0.7038622,0.8330674
8.773501,0.7053273,0.8326096
8.771406,0.7062487,0.8320147
8.769574,0.7065145,0.830815
8.767795,0.7073529,0.8301463
8.766103,0.708092,0.8290699
8.764462,0.708052,0.8270242
8.76242,0.7068154,0.8243079
8.759999,0.7056518,0.8211782
8.757277,0.7052534,0.817827
8.753654,0.7041906,0.8146318
8.751641,0.7028793,0.812489
8.749222,0.7011905,0.8111958
8.747215,0.7005793,0.80992
8.744318,0.6997722,0.8087869
8.741857,0.6996792,0.8069229
8.739133,0.6989866,0.8051291
8.736605,0.6977457,0.8038524
8.735206,0.6970342,0.8025612
8.733896,0.6964715,0.8014606
8.733098,0.6964783,0.8008693
8.733013,0.6966699,0.8009503
8.733393,0.6970435,0.8010466
8.733641,0.6974588,0.8008132
8.73383,0.6977141,0.8006023
8.733984,0.6980193,0.8002706
8.734023,0.6984008,0.8002521
8.733966,0.6986501,0.8003414
8.733873,0.6986941,0.8003753
8.733949,0.6985033,0.8004621
8.734418,0.6983929,0.8004607
8.735463,0.6986609,0.8001783
8.736749,0.6993118,0.7999817
8.737894,0.7000893,0.7997045
8.738913,0.7009585,0.7994459
8.739594,0.7015987,0.7991683
8.740232,0.7020598,0.7990416
8.740802,0.7021888,0.7989894
8.741617,0.7022782,0.7988756
8.742594,0.7022873,0.7987875
8.743616,0.7022365,0.7987216
8.744456,0.7022076,0.7986202
8.744934,0.7019753,0.7986093
8.745235,0.7018743,0.7987632
8.745287,0.7019711,0.7988039
8.745147,0.7020759,0.7988054
0.2340863,0.7020651,-0.1703152
0.2340154,0.7019022,-0.1704444
0.2339271,0.7017356,-0.1704978
0.2338958,0.7015823,-0.170489
0.2339696,0.701497,-0.1705109
0.2343737,0.7015839,-0.1704717
0.2349755,0.7017336,-0.1703444
0.2357101,0.7019666,-0.1702969
0.236013,0.7020624,-0.1702727
0.2364196,0.7021999,-0.1701696
0.2368,0.7023707,-0.1700092
0.2371698,0.702561,-0.1697641
0.2376385,0.7027649,-0.1694781
0.2381597,0.7030296,-0.1691091
0.239083,0.7034894,-0.168471
0.2401824,0.7040632,-0.1678205
0.2414883,0.7049211,-0.1669168
0.2431876,0.7061413,-0.1657636
0.2448212,0.7075801,-0.1645634
0.2464192,0.7093397,-0.1630409
0.2476782,0.7107094,-0.1618443
0.2498344,0.7127267,-0.1599769
0.2520493,0.7147318,-0.1579693
0.2539853,0.7173695,-0.1562742
0.255845,0.7200993,-0.1544357
0.2579498,0.7233089,-0.1519156
0.2601401,0.7259758,-0.1489324
0.2618726,0.7274278,-0.1455874
0.2633413,0.7289403,-0.1430745
0.264955,0.7305488,-0.1403034
0.266323,0.7315471,-0.1372606
0.2676633,0.7329258,-0.135264
0.2688175,0.7340229,-0.1332428
0.2695384,0.7351323,-0.130802
0.2697969,0.7366703,-0.1274878
0.2694638,0.7377782,-0.124587
0.2690752,0.7387522,-0.1215447
0.2682689,0.7400662,-0.1178369
0.2671242,0.741428,-0.1138217
0.2660928,0.7420818,-0.1096484
0.2654726,0.7424007,-0.1065807
0.264958,0.7427152,-0.1035205
0.2647785,0.7427893,-0.1007833
0.2643783,0.7429028,-0.09736916
0.2640985,0.7428961,-0.09502756
0.2642784,0.7429696,-0.09245032
0.2648539,0.7432626,-0.08982223
0.266218,0.7434736,-0.08642499
0.2676443,0.7438765,-0.08309816
0.2685913,0.7440669,-0.0804084
0.2696926,0.7441136,-0.077225
0.2709661,0.7439769,-0.0734719
0.2722238,0.7435299,-0.06915426
0.2729664,0.7428702,-0.06529413
0.2737641,0.7420419,-0.06137557
0.274695,0.7413874,-0.05785747
0.2752045,0.7404801,-0.05317989
0.2754356,0.7397535,-0.04915388
0.2753251,0.7393716,-0.04572353
0.2757049,0.7387362,-0.04172213
0.2763048,0.7382308,-0.03780685
0.2770262,0.7377699,-0.03494743
0.2778269,0.7376581,-0.03197068
0.278744,0.7374802,-0.02897257
0.2798801,0.7373765,-0.02575374
0.281288,0.7373516,-0.02261139
0.282481,0.7372153,-0.01971869
0.2833199,0.7370322,-0.01703662
0.2843269,0.7365246,-0.01402941
0.2853714,0.7363625,-0.01065762
0.2866829,0.7363331,-0.007534757
0.2875889,0.7360728,-0.005022421
0.288855,0.7357739,-0.002104446
0.2907205,0.7355724,0.001190886
0.2921636,0.7351655,0.004229426
0.2933964,0.7350193,0.006851792
0.2948537,0.7348321,0.00915803
0.2967699,0.7347211,0.01223214
0.2984251,0.7346721,0.01480216
0.3000661,0.7346689,0.01711236
0.3018445,0.7346814,0.01920976
0.3038131,0.7348378,0.02165596
0.3062896,0.7350857,0.02362265
0.3080979,0.7350081,0.02544919
0.3098448,0.7351852,0.02704732
0.3118985,0.7352265,0.0285705
0.3136589,0.7353377,0.03022029
0.315147,0.7354191,0.03195478
0.3166058,0.7353078,0.03323993
0.317877,0.7353168,0.03435333
0.3194695,0.7353831,0.03567244
0.3212801,0.7353299,0.0370549
0.3225551,0.7353364,0.03803052
0.3238544,0.7352552,0.03910504
0.3252654,0.7350126,0.04010998
0.3271289,0.7347506,0.04151697
0.3282202,0.734681,0.04257242
0.329199,0.7346078,0.04359584
0.3302462,0.7343968,0.0446911
0.3316928,0.7342132,0.04611979
0.3329759,0.7339286,0.04710005
0.3339539,0.7336496,0.04793091
0.3351118,0.7332068,0.0487503
0.3364676,0.73278,0.04955505
0.3378327,0.7325708,0.05067711
0.3387679,0.7322472,0.05157609
0.3395864,0.7318081,0.05249159
0.3404673,0.7313088,0.05353318
0.3413822,0.7307383,0.05435733
0.3421811,0.7303298,0.05524628
0.343082,0.7298384,0.05587853
0.3439435,0.72923,0.05663095
0.344585,0.7286411,0.05759875
0.3453721,0.7281747,0.05837177
0.3461871,0.727701,0.05882286
0.3468024,0.7275398,0.05926622
0.347546,0.727094,0.05967824
0.3482282,0.7266985,0.06015448
0.3483941,0.726567,0.06061547
0.3488896,0.7262655,0.06120534
0.3493605,0.7257197,0.06155638
0.3499646,0.7254313,0.06228928
0.3502187,0.7251313,0.0627446
0.350264,0.7249201,0.06315847
0.3506153,0.7245682,0.06366329
0.3509353,0.7243461,0.06389312
0.3513712,0.7243205,0.06418864
0.3517568,0.7242697,0.06403787
0.3520797,0.7244545,0.06395559
0.3523847,0.7247519,0.06381844
0.352534,0.7249992,0.06368439
0.352344,0.7254134,0.06364478
0.3520866,0.7259025,0.06357206
0.3518069,0.7265027,0.06348811
0.3513102,0.727356,0.06334113
0.3508571,0.7281089,0.06320547
0.3504055,0.7288745,0.06304519
0.3498684,0.7297068,0.06275927
0.3489052,0.7312524,0.06245758
0.3482503,0.7327872,0.06212224
0.3474889,0.7347404,0.06172349
0.3465566,0.7367629,0.06134282
0.3449242,0.7399421,0.06076454
0.3427399,0.7432567,0.06072728
0.3409332,0.7467379,0.06011634
0.3386814,0.7502785,0.05970635
0.3355873,0.7547556,0.05954792
0.3316277,0.760058,0.0595157
0.327681,0.7648838,0.05991618
0.3244827,0.769064,0.06043632
0.3212692,0.7735407,0.06170921
0.3180126,0.7782925,0.06334843
0.3151221,0.7818037,0.06502829
0.3129693,0.7839658,0.06677862
0.3105914,0.7860456,0.06859626
0.3087224,0.7881005,0.0701053
0.3063521,0.790692,0.07104538
0.305101,0.792865,0.07124411
0.3035652,0.7953244,0.07172476
0.3018346,0.7975979,0.07215072
0.2997741,0.8005322,0.07295488
0.2980178,0.8023489,0.07380651
0.2960828,0.8045042,0.07464223
0.2947339,0.8059579,0.07517354
0.2927791,0.8076467,0.07545592
0.2910732,0.8087273,0.07588206
0.2892236,0.8096982,0.07645206
0.2872441,0.8104497,0.07722171
0.2853244,0.8109336,0.07771711
0.2827459,0.8118818,0.07813172
0.2806822,0.8129101,0.07828318
0.2787188,0.8134273,0.07865576
0.2765635,0.8137875,0.07939871
0.2739028,0.8141909,0.08030252
0.2700965,0.8149038,0.08148669
0.2671378,0.8155919,0.08221547
0.2637181,0.8162847,0.08264475
0.2600782,0.8170714,0.08322753
0.2557769,0.818008,0.082707
0.2520789,0.8188484,0.08232735
0.2489366,0.8194621,0.08225138
0.2453832,0.820106,0.0825281
0.2411963,0.8207045,0.08279945
0.236435,0.8215125,0.08309953
0.2322961,0.8224199,0.08337151
0.2276259,0.8235422,0.08402355
0.222693,0.8242779,0.08507417
0.2187794,0.8246449,0.08581348
0.2158283,0.8252149,0.08632223
0.2133945,0.8256899,0.08661692
0.2104894,0.8269702,0.08685152
0.2080412,0.8289879,0.08624168
0.2057489,0.8305522,0.08566402
0.2035556,0.8320475,0.08538519
0.200559,0.8332701,0.08561967
0.197296,0.8348011,0.08559678
0.1950357,0.8355098,0.08643328
0.1932809,0.8363228,0.0873106
0.1916664,0.8366907,0.08853109
0.1905548,0.8373883,0.08937497
0.1900108,0.8381769,0.09044968
0.1899308,0.8388923,0.09082155
0.1900419,0.8398076,0.09080283
0.1909257,0.8410366,0.09068261
0.1917617,0.8416999,0.09076275
0.1929282,0.8419591,0.09089415
0.1935549,0.8420969,0.09125035
0.1943718,0.8423547,0.0916364
0.1954035,0.8423461,0.09219848
0.1962295,0.84229,0.09268777
0.1968991,0.8420852,0.09326099
0.1975873,0.8414515,0.09386335
0.1983109,0.8410116,0.09465997
0.1988406,0.840321,0.09525444
0.1994782,0.839748,0.09579103
0.2001813,0.8390573,0.09635781
0.2009705,0.8379524,0.09655182
0.2020036,0.8369616,0.09677677
0.2032903,0.8363398,0.09722058
0.2043028,0.8354524,0.09738187
0.2053902,0.8345612,0.09753267
0.2069479,0.8335109,0.09794106
0.2082256,0.8330993,0.09791325
0.2098691,0.8325401,0.09801184
0.2118442,0.8320511,0.09781636
0.2145784,0.8319225,0.09717287
0.2176574,0.8314756,0.09637259
0.2205029,0.8309208,0.09545277
0.2235595,0.8302813,0.09448327
0.2268562,0.8301244,0.093812
0.2304594,0.8291665,0.09301923
0.2334656,0.8279832,0.09254859
0.2363168,0.8267775,0.09221332
0.2393885,0.8257836,0.09178285
0.2437085,0.8245879,0.09135698
0.2475367,0.8233672,0.09079485
0.25081,0.8221036,0.09033786
0.2547286,0.8206038,0.08956902
0.2588947,0.8192628,0.08915924
0.2635592,0.8175793,0.08854477
0.267334,0.8162287,0.08854292
0.2711071,0.814673,0.08825736
0.2747761,0.812892,0.0880128
0.2793515,0.8107072,0.0876839
0.2835141,0.808836,0.08730243
0.2873587,0.8069385,0.08657961
0.2910491,0.8052993,0.08581512
0.2948419,0.8032851,0.08478908
0.2993774,0.800993,0.0836194
0.3027558,0.7986891,0.08226822
0.3058005,0.7961131,0.08126865
0.3082414,0.7931057,0.08086394
0.3105141,0.7891477,0.08101366
0.312111,0.7854632,0.08146854
0.3138596,0.7823136,0.08126132
0.3152772,0.7802482,0.08080874
0.3168959,0.7786084,0.08032031
0.3191216,0.7769166,0.07965444
0.3209195,0.7746764,0.07831429
0.3231336,0.7725268,0.07695214
0.3251776,0.7706266,0.07604225
0.3271654,0.7684951,0.07525007
0.3283679,0.7666131,0.0750374
0.3290664,0.765045,0.07521741
0.3297237,0.7632503,0.07587783
0.3300152,0.7616151,0.07660507
0.3303164,0.7591029,0.07787721
0.3306139,0.7570155,0.07891728
0.3306968,0.7548261,0.07980971
0.3307485,0.7527149,0.08090465
0.3306044,0.7503411,0.08166389
0.330111,0.7478207,0.08238368
0.3298094,0.7458883,0.08286034
0.3291286,0.7434455,0.08343776
0.3283158,0.7410496,0.08435847
0.3273608,0.7379959,0.08570151
0.3267566,0.7365925,0.08628653
0.3256589,0.7341622,0.08685531
0.3254465,0.733188,0.08707608
0.3251745,0.7321053,0.08747952
0.3251553,0.731011,0.08794741
0.3247162,0.7292765,0.08931272
0.3253135,0.7288046,0.0906937
0.3258435,0.7278832,0.09291445
0.3265475,0.7264013,0.09549265
0.3269896,0.7247027,0.09894519
0.3268916,0.7228615,0.1025916
0.3266178,0.7210094,0.1053173
0.3258654,0.7191687,0.1075658
0.3253442,0.718185,0.1101821
0.3253442,0.718185,0.1101821
0.3253442,0.718185,0.1101821
0.3253442,0.718185,0.1101821
0.3253442,0.718185,0.1101821
0.3253442,0.718185,0.1101821
0.3253442,0.718185,0.1101821
0.3253442,0.718185,0.1101821
0.3253442,0.718185,0.1101821
0.3253442,0.718185,0.1101821
0.3253442,0.718185,0.1101821
0.3253442,0.718185,0.1101821
0.3253442,0.718185,0.1101821
0.3253442,0.718185,0.1101821
0.3253442,0.718185,0.1101821
0.3253442,0.718185,0.1101821
0.3253442,0.718185,0.1101821
0.3253442,0.718185,0.1101821
0.3253442,0.718185,0.1101821
0.3253442,0.718185,0.1101821
0.3253442,0.718185,0.1101821
0.3253442,0.718185,0.1101821
0.3253442,0.718185,0.1101821
0.3253442,0.718185,0.1101821
0.3253442,0.718185,0.1101821
0.3253442,0.718185,0.1101821
0.3253442,0.718185,0.1101821
0.3253442,0.718185,0.1101821
0.3253442,0.718185,0.1101821
0.3253442,0.718185,0.1101821
0.3253442,0.718185,0.1101821
0.3253442,0.718185,0.1101821
0.3253442,0.718185,0.1101821
0.3253442,0.718185,0.1101821
0.3253442,0.718185,0.1101821
0.3253442,0.718185,0.1101821
0.3253442,0.718185,0.1101821
0.3253442,0.718185,0.1101821
0.3253442,0.718185,0.1101821
0.3253442,0.718185,0.1101821
0.3253442,0.718185,0.1101821
0.3253442,0.718185,0.1101821
0.3253442,0.718185,0.1101821
0.3253442,0.718185,0.1101821
0.3253442,0.718185,0.1101821
0.3253442,0.718185,0.1101821
0.2386094,0.7496591,0.1546993
0.2375069,0.7598361,0.1211862
0.2305369,0.7590141,0.1177004
0.2234846,0.7532275,0.133618
0.2136141,0.7492707,0.1462129
0.2049559,0.7488554,0.1521704
0.1958652,0.7558959,0.1489571
0.1903322,0.7608479,0.1433294
0.1838551,0.764879,0.1399366
0.1771712,0.7667344,0.1403098
0.169196,0.7684227,0.1420509
0.1640137,0.7706926,0.142369
0.1598656,0.7727616,0.1418353
0.1571345,0.7750631,0.1409377
0.1544757,0.7777293,0.1404215
0.1535065,0.779945,0.13929
0.1545765,0.7820569,0.1377548
0.1564058,0.7842475,0.1373627
0.1597002,0.7874197,0.1368233
0.1638981,0.7896615,0.1382975
0.1680122,0.7909966,0.1401686
0.174258,0.7943317,0.1395532
0.1815352,0.7987699,0.1377798
0.1900065,0.8018737,0.1375429
0.1979896,0.8052875,0.1355277
0.2066324,0.8071362,0.1341644
0.2123239,0.8076176,0.1333687
0.2168633,0.8082891,0.1320748
0.2197435,0.8100494,0.1298751
0.2207261,0.8117083,0.1288388
0.2197071,0.812074,0.1293726
0.2170044,0.8123601,0.1303196
0.2117288,0.8124176,0.1317716
0.2070237,0.813088,0.132721
0.2057092,0.8132575,0.1306556
0.2081712,0.8153256,0.1298604
0.2120302,0.8175111,0.1324922
0.2142255,0.8182381,0.1347763
0.2167061,0.8182767,0.1357565
0.2191954,0.8177269,0.136975
0.2216028,0.8161216,0.1379233
0.2249389,0.8147017,0.1377948
0.2295837,0.8136297,0.1380421
0.234637,0.8123983,0.1383761
0.2388853,0.8115436,0.1381832
0.2439099,0.8109532,0.1371296
0.2475957,0.8107083,0.1362506
0.2514349,0.810158,0.1351068
0.2548059,0.8098069,0.1348313
0.2581609,0.8099546,0.1349414
0.2607511,0.8100379,0.1347012
0.2633191,0.8101338,0.1345035
0.2649864,0.8103865,0.134415
0.2655726,0.8108488,0.1337072
0.2647898,0.8111003,0.1324553
0.2633723,0.8112201,0.1301131
0.2609179,0.8104292,0.1270921
0.2576002,0.8092521,0.1238163
0.2542916,0.8084636,0.1187696
0.2509253,0.8077744,0.1128595
0.2466688,0.8066737,0.1070103
0.2424095,0.8048497,0.1018313
0.2374447,0.8025237,0.09671126
0.232527,0.8006998,0.09215473
0.2285264,0.7994798,0.08816718
0.2256783,0.7991611,0.08483432
0.2223497,0.7982154,0.08175208
0.2190402,0.7974822,0.0793948
0.2154178,0.7967747,0.07695
0.2120407,0.7957805,0.07488666
0.2088636,0.7947437,0.07357709
0.2064337,0.7943311,0.07162561
0.2044972,0.7941861,0.06898086
0.202501,0.7939617,0.06649737
0.2008959,0.7935067,0.06464766
0.1993094,0.7929576,0.06276374
0.1985488,0.7920941,0.06135224
0.1975798,0.7906798,0.06009851
0.197157,0.7897275,0.05915268
0.1968458,0.7885976,0.05891661
0.1968199,0.787953,0.05951218
0.1972747,0.787806,0.06137662
0.1976215,0.7882605,0.06310047
0.1980775,0.7885008,0.06532906
0.1984782,0.7884675,0.06713344
0.1986586,0.7881439,0.06900512
0.1985154,0.7873144,0.07012667
0.1982721,0.7863833,0.07091002
0.1980656,0.785419,0.07118587
0.1982519,0.7846639,0.07147442
0.1984835,0.784088,0.07135905
0.1989724,0.7845069,0.07110839
0.1992282,0.7862112,0.07086696
0.1989498,0.7876032,0.07037105
0.1986527,0.788569,0.07001685
0.1977209,0.7894496,0.07047908
0.1960732,0.7894146,0.07204597
0.1945226,0.7893789,0.07381044
0.1925044,0.7903045,0.07586114
0.1914332,0.7909899,0.07696392
0.1896816,0.7914217,0.07886784
0.1886394,0.7922868,0.08008741
0.1879818,0.792794,0.08092733
0.1872365,0.7931436,0.08174907
0.1867085,0.7931035,0.08231191
0.1865457,0.7934447,0.08268856
0.1868309,0.7945021,0.08383583
0.1872905,0.7959462,0.08495672
0.1874884,0.7965906,0.08582757
0.1877528,0.7972556,0.08703111
0.1875212,0.7970541,0.08785914
0.187457,0.7969669,0.08856808
0.1877885,0.7972365,0.08986418
0.1878544,0.7975803,0.09104784
0.1875774,0.7980738,0.09234469
0.1874136,0.7980292,0.09325121
0.1871165,0.7977764,0.09410362
0.1867041,0.7968712,0.09462245
0.1863696,0.7962804,0.09486733
0.1857924,0.7955113,0.09507154
0.1853357,0.7946598,0.09510551
0.1850334,0.7934759,0.09494524
0.1842813,0.7926047,0.09501825
0.18372,0.7921279,0.09436958
0.1830144,0.7915478,0.09374665
0.1824085,0.7909225,0.09305023
0.1815636,0.7902716,0.09166794
0.1808185,0.7899275,0.09006275
0.1800881,0.7896172,0.08897106
0.179205,0.7891886,0.08760671
0.1775418,0.788508,0.08547591
0.1766017,0.7878993,0.0834633
0.1754758,0.7869505,0.08161144
0.1739729,0.7859965,0.07974307
0.1722746,0.784654,0.07739501
0.1705215,0.7832547,0.07526438
0.1687756,0.7815912,0.07308207
0.1675065,0.7803491,0.07126175
0.1658418,0.7789667,0.06939505
0.1643187,0.7777694,0.06773327
0.1627187,0.7763503,0.06613527
0.1615251,0.7752846,0.0647531
0.1599491,0.7744196,0.06344365
0.158034,0.7734855,0.06166522
0.1566741,0.7725872,0.06028251
0.1552866,0.7719205,0.05883954
0.1540382,0.7714468,0.05764602
0.1516277,0.7711094,0.05747084
0.1492349,0.7704571,0.05722578
0.147255,0.7699876,0.05677284
0.1448608,0.7692083,0.05570014
0.1426174,0.7685142,0.05468614
0.1399402,0.7682469,0.05328481
0.1379424,0.7685314,0.05168979
0.1361503,0.7689129,0.05043565
0.134214,0.7697869,0.04903804
0.1322389,0.7712122,0.04746099
0.1304617,0.7722233,0.04573517
0.1289397,0.7733868,0.04431348
0.1271043,0.7749563,0.04257222
0.1250309,0.7769464,0.04045905
0.1231282,0.77903,0.03835662
0.1214683,0.7809249,0.03661378
0.1193013,0.7832697,0.03472872
0.1169506,0.7861269,0.03278767
0.1142641,0.7888995,0.03090785
0.1115887,0.791657,0.02924137
0.1095577,0.794105,0.02771281
0.1072679,0.7971995,0.02577625
0.1045043,0.8010088,0.02413002
0.1017473,0.8048419,0.02287444
0.09929383,0.8086506,0.02195352
0.09603265,0.8132082,0.02090688
0.09241548,0.8178518,0.02002116
0.08869591,0.8221242,0.0195581
0.08469218,0.8260618,0.0193869
0.08060057,0.8297978,0.01963204
0.07538967,0.8338981,0.01992203
0.06953032,0.8377826,0.02046402
0.06377113,0.8419216,0.02065046
0.05896769,0.8453806,0.02088691
0.05392548,0.849083,0.02116095
0.04929285,0.8527344,0.02176966
0.04442257,0.8547023,0.02355029
0.03958993,0.8569624,0.02537152
0.03448239,0.8592544,0.02706744
0.0281897,0.861846,0.02937333
0.0226109,0.8640905,0.03208266
0.01740445,0.8665765,0.03465421
0.0132931,0.8687527,0.03697236
0.008592993,0.87136,0.0395765
0.00419797,0.8734429,0.04231918
0.001483545,0.8755209,0.04425207
-0.0002976358,0.8771151,0.04555546
-0.001891717,0.8785892,0.04731813
-0.003784925,0.8803251,0.04884042
-0.005204558,0.8814154,0.04959248
-0.006911799,0.8823546,0.05069064
-0.009026319,0.8831561,0.05165209
-0.01116958,0.883804,0.05294846
-0.01378912,0.8841254,0.0544285
-0.01602633,0.8837922,0.05515437
-0.01850858,0.8836396,0.05610032
-0.02134106,0.883076,0.05708496
-0.02467075,0.8825982,0.05831276
-0.02710529,0.8817456,0.05852728
-0.0293704,0.8809904,0.05869021
-0.03157829,0.8797734,0.05856128
-0.03456108,0.8771337,0.05776517
-0.03639887,0.8755941,0.05715699
-0.03792684,0.8742185,0.05712156
-0.03958349,0.8724769,0.05684994
-0.04106872,0.8707884,0.05640681
-0.04234646,0.8696865,0.0555986
-0.04309575,0.868578,0.05501316
-0.04378782,0.867433,0.05439316
-0.04472856,0.8668085,0.0537207
-0.04551266,0.8662291,0.05283479
-0.04643331,0.8651738,0.05272566
-0.04728924,0.8641613,0.05320929
-0.04827146,0.8630683,0.05335288
-0.04963748,0.8618954,0.0532539
-0.05063616,0.8617252,0.05348684
-0.05178492,0.8615316,0.05316488
-0.05327995,0.8619885,0.05254482
-0.05462323,0.8623639,0.05156381
-0.05613621,0.8622376,0.04990101
-0.0568894,0.861484,0.04925196
-0.05724399,0.860205,0.04863839
-0.05732785,0.8589368,0.04812221
-0.05765699,0.8568678,0.0475868
-0.05694221,0.8545931,0.04833753
-0.05634467,0.853065,0.04947694
-0.05533771,0.8515996,0.05102955
-0.05451582,0.8498849,0.05310647
-0.05381505,0.8488427,0.05525564
-0.05338959,0.8477483,0.05693547
-0.05297552,0.8468617,0.05829264
-0.05210589,0.8456982,0.0596071
-0.05223535,0.8439844,0.06087832
-0.05243151,0.8426948,0.06191386
-0.05254804,0.8414939,0.06227039
-0.05304722,0.8403174,0.06268449
-0.05402838,0.8395136,0.06260122
-0.05579333,0.84083,0.06108771
-0.05747376,0.8430074,0.0608118
-0.05863766,0.8469499,0.06009166
-0.05964796,0.8522992,0.06036477
-0.05994819,0.8577743,0.06034403
-0.05951802,0.8622267,0.06090583
-0.05833469,0.8656138,0.06118332
-0.05684941,0.8690961,0.06106533
-0.05506061,0.8711402,0.06121002
-0.05359291,0.8721264,0.06095539
-0.05226277,0.8727686,0.06032299
-0.05084781,0.8727499,0.06025802
-0.04913001,0.8718578,0.06004177
-0.0491247,0.8710769,0.05986415
-0.04930483,0.8705027,0.059485
-0.0495113,0.8704615,0.05927499
-0.05052243,0.8707175,0.05907242
-0.05133305,0.8718379,0.05853288
-0.05209301,0.8732303,0.05731456
-0.05280249,0.8745007,0.05683286
-0.05377226,0.8764284,0.05595215
-0.05460797,0.8782453,0.05497943
-0.05389045,0.8800393,0.0536149
-0.05384915,0.8823512,0.05201219
-0.05397223,0.8846422,0.05017327
-0.05338196,0.8872944,0.04756261
-0.05285303,0.8890375,0.04477744
-0.05265985,0.8909983,0.04226935
-0.05217384,0.892525,0.03989308
-0.0522127,0.8937426,0.03715816
-0.05258988,0.8947801,0.03445621
-0.05224393,0.8949824,0.03243001
-0.05266879,0.8949119,0.03031559
-0.05316304,0.8945656,0.02838702
-0.05470566,0.8937615,0.02618311
-0.05631451,0.8920479,0.02432594
-0.05736677,0.8905459,0.02275945
-0.05824478,0.8890362,0.02114274
-0.05945675,0.8872361,0.01965329
-0.05925481,0.8857723,0.01776545
-0.05895476,0.8850239,0.01660426
-0.05846058,0.8846877,0.01560731
-0.05801646,0.8846446,0.01471077
-0.05862014,0.8850444,0.0138102
-0.05876212,0.8860189,0.01395462
-0.05869178,0.886823,0.01419297
-0.05850314,0.8873802,0.01470618
-0.0582941,0.8878128,0.0155475
-0.05792992,0.8878773,0.01651977
-0.05681895,0.8878782,0.01706894
-0.05509137,0.8876784,0.01719616
-0.0531262,0.8871801,0.01756844
-0.05038987,0.88687,0.01741709
-0.04714255,0.886376,0.01751135
-0.04341953,0.8862284,0.01738156
-0.03833698,0.8861268,0.01716582
-0.0329759,0.8863632,0.01720415
-0.02757257,0.8876768,0.0175405
-0.02268296,0.8885414,0.01806106
-0.01658434,0.8903241,0.01921062
-0.01020421,0.8923674,0.02071972
-0.002891108,0.8950031,0.02205725
0.003558204,0.8971438,0.02317785
0.01113236,0.8994356,0.02392961
0.01885982,0.9008442,0.02523486
0.02643292,0.9022127,0.02699663
0.03351542,0.9036461,0.02881883
0.03980125,0.9045208,0.03023615
0.04749353,0.9056452,0.03195469
0.05475008,0.9068502,0.0332876
0.06055276,0.9087532,0.03414442
0.06456558,0.9101805,0.03445931
0.06934379,0.9122775,0.03461783
0.07325417,0.9142557,0.03415038
0.07601245,0.9152413,0.0342157
0.07843578,0.9161509,0.03420596
0.08011639,0.916451,0.03406172
0.08250716,0.9160573,0.03334577
0.08506635,0.9155443,0.03256381
0.08821814,0.9143019,0.03135134
0.09080921,0.9134577,0.03054674
0.09383039,0.9118783,0.02981405
0.0963058,0.910019,0.02927656
0.09786168,0.9085863,0.02937828
0.0993971,0.9071043,0.02919839
0.1005503,0.9056925,0.02927567
0.1022018,0.9034877,0.02902904
0.1040062,0.9016169,0.028625
0.1057311,0.9008277,0.02871336
0.1069118,0.8996992,0.02864574
0.1078333,0.8976946,0.02851723
0.1084407,0.8952804,0.0284483
0.1090484,0.8935549,0.02844264
0.1095234,0.892057,0.02869417
0.1102083,0.8904889,0.02927424
0.1108105,0.8886867,0.02986102
0.1110637,0.8873003,0.03031822
0.1112588,0.8861358,0.03087614
0.1113466,0.8850508,0.03170626
0.1114073,0.8835831,0.03298447
0.1115704,0.8820487,0.03357323
0.1122246,0.8805204,0.03378074
0.1132435,0.8796721,0.03393763
0.1144339,0.8782437,0.03401087
0.1157731,0.8767558,0.03413607
0.1171663,0.8754402,0.03444234
0.1185807,0.8741373,0.03471781
0.1201678,0.8727809,0.03498159
0.1224562,0.8715107,0.03520574
0.124077,0.8698731,0.03534059
0.1256295,0.8686249,0.03536232
0.1276492,0.867373,0.03542055
0.1298308,0.8662029,0.03533153
0.1321254,0.8646496,0.03511348
0.1338685,0.8634198,0.03491263
0.1356054,0.8619288,0.03484653
0.1372889,0.8605806,0.03481673
0.1391522,0.8591416,0.03462462
0.1406885,0.8578597,0.03498882
0.142256,0.8567241,0.03540938
0.1438884,0.8558689,0.03616934
0.1460822,0.8546041,0.03738515
0.1481588,0.8537118,0.03854783
0.1497796,0.8528669,0.03946523
0.1516456,0.8520704,0.04071479
0.1533844,0.851039,0.04197003
0.1548396,0.8500704,0.043255
0.1558777,0.8488985,0.04447357
0.1568999,0.8481308,0.04554887
0.1579785,0.8475469,0.04673566
0.159411,0.8467527,0.04819335
0.1607429,0.8458365,0.04916768
0.1616058,0.8453639,0.04977058
0.1625043,0.8448732,0.05041488
0.1641165,0.8439768,0.05136593
0.1655954,0.843163,0.05193178
0.166973,0.8426889,0.05242334
0.16802,0.842554,0.05271755
0.1691826,0.8423336,0.05289303
0.1705778,0.8415779,0.05319621
0.1717126,0.8406065,0.05337821
0.1726782,0.8400641,0.05382849
0.1734654,0.8400982,0.05452527
0.1742256,0.8396969,0.05513187
0.1746781,0.8395409,0.05587058
0.1751312,0.8393953,0.05647121
0.1757287,0.8391821,0.05715461
0.1764876,0.838698,0.05778988
0.1772466,0.8382912,0.05832113
0.17801,0.8377771,0.05867736
0.1787768,0.8374086,0.05905883
0.1798726,0.8367422,0.05948375
0.1808513,0.8360928,0.05992059
0.181683,0.835394,0.06043307
0.1821782,0.8350722,0.06093864
0.1827016,0.8346189,0.06149803
0.1833329,0.833999,0.06213723
0.1837758,0.8334385,0.06264476
0.1842498,0.8330277,0.06322922
0.1848067,0.8327411,0.06391196
0.1856295,0.8319686,0.06457447
0.1864185,0.8314587,0.06521882
0.1873454,0.8309293,0.06594722
0.1880737,0.8304958,0.06646667
0.1889865,0.8300778,0.06716357
0.1898575,0.8298834,0.06789546
0.1905869,0.829958,0.0685675
0.1912426,0.8300584,0.06926964
0.1919178,0.8300956,0.06995134
0.1929252,0.8301795,0.0707777
0.1937763,0.8303257,0.07135437
0.1944698,0.8304755,0.07175873
0.1952661,0.8306823,0.07212047
0.1960241,0.8310042,0.07252119
0.1969014,0.8313645,0.07314722
0.1975578,0.8317547,0.0736144
0.1982462,0.8320532,0.07412775
0.1990409,0.8323776,0.07471241
0.1999986,0.8326809,0.07536988
0.200863,0.8329791,0.07598971
0.2017497,0.8332308,0.07662301
0.2024631,0.833441,0.07713126
0.2034335,0.8337706,0.07793216
0.2042017,0.8341153,0.07871686
0.2048902,0.8343528,0.07947896
0.2055227,0.8344684,0.08015715
0.2061636,0.8348132,0.08105002
0.2069721,0.8350263,0.08189158
0.2076577,0.8354861,0.08262812
0.2082618,0.8359028,0.08332039
0.2089603,0.8361526,0.0839987
0.2096109,0.8365071,0.08488362
0.210111,0.8368214,0.08583976
0.2104112,0.837065,0.08669184
0.2106835,0.8373495,0.08774744
0.2110624,0.8374911,0.08888479
0.211396,0.8378006,0.09006511
0.2117227,0.838221,0.09089424
0.2119314,0.8387197,0.09173696
0.2123809,0.8391288,0.09268706
0.2128014,0.8395508,0.09364711
0.2131608,0.8399988,0.09451322
0.2136162,0.8403311,0.09522031
0.2141883,0.8407219,0.09602277
0.2146366,0.8413022,0.09666149
0.2151723,0.8418102,0.09699605
0.2156214,0.8422577,0.09717928
0.2159384,0.8426262,0.09712808
0.2163794,0.8429851,0.09706901
0.216676,0.8432396,0.09685002
0.2169597,0.843451,0.09655674
0.2171444,0.8435932,0.09638952
0.2172271,0.8435827,0.09619461
0.2172713,0.8433831,0.09613238
0.2174215,0.8430527,0.09646152
0.2175768,0.842793,0.09676765
0.2177707,0.8423553,0.09694038
0.2180452,0.841865,0.09725718
0.2184793,0.8415291,0.0976858
0.2187221,0.8411638,0.09797685
0.2189594,0.8408671,0.0983934
0.2193859,0.8403104,0.09888111
0.2198286,0.8398786,0.09950529
0.220198,0.83951,0.1000822
0.2203945,0.8390866,0.1004456
0.2207875,0.838464,0.100869
0.221048,0.8381683,0.1015566
0.2211404,0.8380027,0.1020796
0.2211535,0.8378914,0.1025545
0.2210907,0.8376973,0.1029557
0.2211337,0.8377569,0.1035933
0.221183,0.8378195,0.1039638
0.2212784,0.837983,0.1043135
0.2212915,0.8381844,0.1044931
0.2212953,0.8383717,0.1046412
0.2215742,0.8384889,0.1050517
0.221571,0.8385727,0.1054312
0.2214393,0.8386156,0.1057649
0.2213013,0.8385997,0.1061247
0.2211619,0.838622,0.1066185
0.221021,0.8387221,0.1070897
0.2208498,0.8388546,0.1075145
0.2205405,0.8390406,0.1077692
0.2203365,0.8395041,0.1083851
0.2199852,0.8397923,0.1087018
0.2197893,0.8401635,0.1090345
0.219504,0.840273,0.108957
0.219313,0.8405998,0.1090209
0.2193528,0.8408852,0.1090072
0.2192169,0.8410538,0.1086051
0.2192094,0.8411847,0.1081923
0.2193467,0.8413983,0.1078967
0.21945,0.8416874,0.10761
0.2194673,0.8420859,0.1074785
0.2195468,0.8424121,0.1074812
0.2195259,0.8427606,0.1075433
0.2194297,0.8428999,0.1076788
0.2191713,0.8427683,0.1079127
0.2189836,0.8424889,0.108129
0.2186257,0.84209,0.1084245
0.2183178,0.8416392,0.1087395
0.2181432,0.8412283,0.10917
0.2180543,0.8408785,0.1094107
0.2179037,0.8406699,0.1097375
0.2176112,0.840721,0.1101503
0.2173431,0.8409441,0.1104812
0.2172382,0.8415299,0.1104938
0.2168575,0.8420709,0.1105121
0.2162725,0.8425274,0.1104353
0.2159823,0.8429866,0.1106218
0.2156835,0.84338,0.1111219
0.2152826,0.8434973,0.1115074
0.214993,0.8436229,0.1119787
0.2147116,0.8437131,0.1125606
0.2142317,0.8437274,0.1129943
0.2138934,0.8438776,0.1135036
0.2135716,0.8439656,0.1137933
0.2134222,0.8440443,0.113876
0.2135573,0.8441964,0.1137886
0.2139076,0.8440667,0.112962
0.2144573,0.8439263,0.1120674
0.2151634,0.8437713,0.1109905
0.2161352,0.8434811,0.1092521
0.2172595,0.8430856,0.1074746
0.2181715,0.8425236,0.1059509
0.2188124,0.8420036,0.104769
0.2195394,0.8411265,0.1035301
0.2199619,0.8403001,0.1028685
0.2203536,0.8396934,0.1025947
0.220742,0.839371,0.1025174
0.2210679,0.8387576,0.1024672
0.2214902,0.8384019,0.1027258
0.2218238,0.8382322,0.1030386
0.22214,0.838029,0.1032165
0.2225153,0.8378168,0.1034153
0.2227715,0.8377452,0.1036124
0.222962,0.8377942,0.1039741
0.2230257,0.8378695,0.1046355
0.2229557,0.8378678,0.1052502
0.2227965,0.8379923,0.1060559
0.2227086,0.8380588,0.1066859
0.2231326,0.8381334,0.1069643
0.223657,0.8381433,0.1073434
0.224278,0.8377053,0.1075577
0.2251275,0.8371668,0.1078494
0.2260516,0.8367448,0.1081179
0.2268934,0.8361998,0.108235
0.2276709,0.8355392,0.1083487
0.2288384,0.8351522,0.108452
0.2297105,0.8346083,0.108266
0.2300741,0.8341694,0.1083314
0.2302682,0.8339265,0.1086126
0.2301776,0.8336437,0.1089391
0.2299272,0.8335002,0.1092493
0.229764,0.8336737,0.109494
0.2295666,0.8338386,0.1096691
0.2295423,0.8339787,0.1097434
0.2294137,0.8341776,0.1098279
0.2292948,0.8343264,0.1099996
0.229176,0.8344006,0.1102332
0.229065,0.8345352,0.1106357
0.2289477,0.8346367,0.1109956
0.2289874,0.8344103,0.1113219
0.2289912,0.8342891,0.1115503
0.2291343,0.8340579,0.1116651
0.2292783,0.8337461,0.1115764
0.2298954,0.8333878,0.1115387
0.2309116,0.8330312,0.1112435
0.2319062,0.8326049,0.1109098
0.2332833,0.8321845,0.1106021
0.2346966,0.8318837,0.110252
0.236191,0.8316527,0.1098428
0.2371499,0.8316701,0.10971
0.2379742,0.8317959,0.1096333
0.238691,0.8319951,0.109686
0.2394987,0.8319626,0.1096322
0.2400115,0.8317623,0.1097262
0.2404741,0.8315695,0.1098304
0.2409766,0.8313721,0.1098657
0.2416393,0.8310289,0.1098019
0.2421412,0.830509,0.1094646
0.2425636,0.8301085,0.1090968
0.2430094,0.8297644,0.1086581
0.2436157,0.8293989,0.1081215
0.2441663,0.8291989,0.1071578
0.244747,0.829151,0.1060133
0.2453991,0.8289257,0.1050712
0.2464243,0.828369,0.1035353
0.2474121,0.827936,0.1020276
0.2488311,0.8270132,0.09993367
0.250223,0.8260124,0.0978096
0.251156,0.8252965,0.09555601
0.2523681,0.8244891,0.09274666
0.2533847,0.8238832,0.09023087
0.2542009,0.8235826,0.08840646
0.2550791,0.8231871,0.08664732
0.2561182,0.8227227,0.08477734
0.2569697,0.8228026,0.0830587
0.2578189,0.8227181,0.0817558
0.2585736,0.8224338,0.0805885
0.259366,0.8221107,0.07973792
0.2604133,0.8218525,0.07886498
0.2611364,0.8215671,0.07806186
0.2618268,0.8211578,0.07696901
0.2623981,0.8207015,0.07599722
0.2631986,0.8200527,0.07475622
0.2634502,0.8193009,0.07374214
0.2638436,0.8182254,0.0727575
0.2639548,0.8174129,0.07205604
0.2640694,0.8162935,0.07126759
0.2640852,0.8152424,0.07082857
0.263937,0.814473,0.07034923
0.2637107,0.8134568,0.06930687
0.2633221,0.8127093,0.06816183
0.2627175,0.8119231,0.06637113
0.2620557,0.8116234,0.0647053
0.2614122,0.8115707,0.0630327
0.2608413,0.8116187,0.06150515
0.2598,0.8117409,0.05954807
0.2587897,0.8119615,0.05793346
0.2578079,0.8123754,0.0565352
0.256746,0.8128893,0.05497883
0.2556415,0.8131641,0.05336715
0.2545437,0.8129631,0.0514064
0.2538319,0.812456,0.05001657
0.2531688,0.81193,0.04858436
0.2523564,0.8115826,0.04732655
0.2511346,0.8111432,0.04543674
0.2497749,0.810798,0.04363458
0.2487204,0.8106199,0.04209791
0.2477782,0.8105624,0.04044415
0.2469416,0.8106866,0.03868598
0.2463598,0.8105326,0.03699137
0.2461689,0.8103326,0.03584169
0.2459882,0.8102508,0.03500585
0.2459528,0.8100207,0.03423859
0.2455982,0.8098132,0.03348888
0.2454139,0.8095778,0.03317596
0.245284,0.8093945,0.03285696
0.2450887,0.8092125,0.03242655
0.2449314,0.8090519,0.03207023
0.2446603,0.8091007,0.03181277
0.2443846,0.8092461,0.03148432
0.2441867,0.8093918,0.0311005
0.2438843,0.8095339,0.03077216
0.2435618,0.8094488,0.03030367
0.2432234,0.8094533,0.03000025
0.2430328,0.8094903,0.02975728
0.2428953,0.8095027,0.02952954
0.2427675,0.8093529,0.02918006
0.2426643,0.8091634,0.02885023
0.2426071,0.8089157,0.02853212
0.2425618,0.8085864,0.02821092
0.2426267,0.8081167,0.02778296
0.2426206,0.8076232,0.02731489
0.242578,0.8072389,0.02700178
0.2425135,0.8068112,0.02659009
0.2424379,0.8064374,0.02631567
0.24232,0.8060368,0.02600875
0.2421801,0.8056152,0.02563705
0.2420811,0.8052245,0.02533789
0.2418801,0.8048161,0.02502452
0.2416145,0.8042184,0.02455579
0.2412029,0.803438,0.02408741
0.2408514,0.802735,0.02371374
0.2405722,0.8020733,0.02334832
0.2402934,0.8014544,0.02291767
0.2401807,0.800967,0.02245417
0.2401337,0.8005217,0.02191648
0.2400937,0.8002127,0.02156226
0.2400944,0.799732,0.02113582
0.2401607,0.799327,0.0209033
0.2404662,0.7987204,0.02075686
0.2406543,0.7982371,0.02064277
0.2407501,0.7978793,0.0207703
0.2408662,0.7974966,0.02084137
0.2409896,0.7971712,0.02118374
0.2410393,0.7969654,0.02158315
0.2411106,0.7965537,0.02192725
0.2410968,0.7962006,0.0224532
0.2410646,0.7957247,0.02289443
0.241053,0.7953675,0.02328242
0.2409613,0.7950565,0.02371936
0.2407873,0.7946468,0.02412795
0.240571,0.7943156,0.02461089
0.240382,0.7938431,0.02538481
0.2400275,0.7934359,0.02598806
0.2395245,0.7931218,0.02678867
0.2388618,0.7925494,0.02774717
0.2383755,0.7921084,0.02855547
0.2379689,0.7916296,0.02945016
0.2377243,0.791252,0.03021933
0.2374644,0.7908188,0.03115375
0.2372525,0.7903026,0.03199755
0.2373025,0.7898931,0.03265195
0.2372821,0.7895601,0.03323822
0.2372929,0.7892199,0.03370087
0.2373976,0.7888153,0.03418927
0.2373649,0.7887147,0.03447451
0.2372691,0.7886738,0.03472318
0.2371501,0.7886599,0.03488459
0.2369574,0.7888014,0.03517741
0.2366987,0.789059,0.0355209
0.2363965,0.7889261,0.0354892
0.235996,0.7887147,0.03553303
0.2356424,0.7885805,0.03572081
0.2353799,0.7885073,0.03603211
0.2353752,0.7886158,0.03639038
0.2355475,0.7887666,0.03679048
0.2357457,0.7889982,0.03715934
0.2360427,0.7893711,0.0376883
0.2358772,0.7899233,0.0383011
0.2357599,0.7903059,0.03885169
0.2355877,0.7907103,0.03956436
0.2351845,0.7912481,0.04036938
0.2346299,0.7919138,0.04137908
0.2342539,0.7924188,0.04216895
0.2339017,0.7928274,0.04286115
0.2337035,0.7932796,0.04353723
0.2335874,0.7937298,0.04418463
0.2335441,0.7939177,0.04471676
0.233654,0.7939174,0.04515369
0.2335493,0.7937277,0.04535778
0.2333295,0.7935618,0.04570006
0.2331384,0.7930434,0.0455579
0.2329877,0.7926331,0.04551904
0.2328237,0.7922632,0.04541673
0.2326423,0.7919624,0.04507111
0.2328784,0.7915066,0.04470272
0.2332284,0.7912703,0.04412998
0.23361,0.7910582,0.0436081
0.233915,0.7910499,0.04298781
0.2341509,0.7910455,0.04192631
0.2342826,0.7911251,0.04088609
0.2343356,0.7912427,0.03990331
0.2342009,0.7913974,0.03852035
0.2340575,0.7915435,0.03720124
0.2343217,0.7916089,0.03565475
0.2344737,0.7919305,0.03429903
0.2343866,0.7922469,0.03317611
0.2340389,0.7925473,0.03208758
0.2335577,0.7929046,0.03142299
0.2330234,0.7932196,0.03111666
0.2325104,0.793408,0.03120373
0.2318069,0.7936361,0.03152372
0.2310388,0.7937309,0.03211111
0.230328,0.7938777,0.032493
0.2296756,0.7941672,0.03308822
0.2292384,0.7944019,0.03354852
0.2287546,0.7948322,0.03431882
0.2283823,0.7952116,0.03486948
0.2278018,0.7955901,0.03535387
0.2274142,0.7958228,0.0359198
0.2269705,0.7960609,0.03669359
0.2263853,0.7964476,0.03754045
0.2262466,0.7966831,0.03817533
0.2262986,0.7969726,0.03885083
0.2265464,0.7972365,0.03932829
0.2269712,0.7976052,0.0399605
0.2271737,0.797941,0.04055579
0.2273181,0.7980645,0.04107501
0.2273758,0.7981833,0.04161927
0.2273741,0.7982951,0.04236357
0.227468,0.7984069,0.04319812
0.2275889,0.798656,0.0438986
0.2277213,0.7988048,0.04458813
0.2277827,0.7990852,0.04558668
0.2278535,0.7994049,0.04690175
0.2279327,0.7997568,0.04798411
0.227975,0.8000641,0.04906444
0.2281959,0.8002689,0.05008052
0.228564,0.8003846,0.0513119
0.2287073,0.8007579,0.05220859
0.2290891,0.8011542,0.05313979
0.2293555,0.8015001,0.05374719
0.229724,0.8019707,0.05437149
0.2301651,0.8024707,0.0549462
0.2306352,0.8028631,0.05551569
0.2309278,0.8031521,0.05601962
0.2311158,0.8035024,0.0566241
0.2314752,0.8039127,0.05727963
0.2316275,0.80422,0.05769439
0.2319144,0.8045637,0.05796428
0.2323239,0.8052405,0.05822892
0.2329077,0.8061646,0.05829169
0.2331795,0.8074859,0.05811019
0.233262,0.8083734,0.05783735
0.233679,0.8095244,0.05757318
0.2337778,0.8104563,0.05675326
0.2332704,0.8119841,0.0555663
0.2328597,0.8134373,0.05444793
0.2323812,0.8146284,0.05312364
0.2312712,0.8166993,0.05127244
0.2303194,0.8182071,0.04913203
0.2304312,0.8193403,0.04666595
0.2301205,0.8205174,0.0444348
0.2295711,0.8212923,0.04324003
0.2285952,0.8223305,0.04224233
0.2272808,0.8226071,0.0430844
0.225241,0.8229795,0.04409589
0.2232736,0.8237705,0.04498653
0.2206091,0.8247064,0.04598789
0.2184088,0.8258918,0.04613467
0.2164815,0.8276431,0.04490322
0.2147124,0.8293597,0.04355045
0.2128274,0.8311761,0.04222624
0.2106687,0.8324483,0.04089303
0.2088793,0.8328109,0.04073174
0.2067919,0.8334405,0.04085813
0.2050529,0.8342429,0.040884
0.203564,0.8352625,0.04118194
0.2026697,0.8361009,0.04092406
0.2024634,0.8367345,0.04065786
0.202829,0.8372629,0.04022659
0.2038249,0.8378064,0.0396965
0.2054385,0.8385232,0.03885646
0.2075558,0.8395079,0.03769942
0.2093992,0.8405737,0.0368212
0.2119454,0.8419394,0.03561014
0.2149314,0.8432413,0.03447564
0.2180865,0.8441005,0.03386019
0.2207384,0.8447371,0.03367841
0.2232133,0.8451155,0.033621
0.2262881,0.8453794,0.03385352
0.2287782,0.8455558,0.03351648
0.2308899,0.8456445,0.03328983
0.2321943,0.8454917,0.03334977
0.2334558,0.8452354,0.03379567
0.2345017,0.8440519,0.03524981
0.234997,0.843013,0.03630656
0.2354344,0.8421002,0.03724475
0.236151,0.8411353,0.03778298
0.2369182,0.8398877,0.03844041
0.2374737,0.8386329,0.03916949
0.2381923,0.8370705,0.04025273
0.2388169,0.8356736,0.04154246
0.2392952,0.8338309,0.04369868
0.2392685,0.8316541,0.04667751
0.2395372,0.8298454,0.04907586
0.2400058,0.8277367,0.05188577
0.2405199,0.8254836,0.05507968
0.2411826,0.8229595,0.05833526
0.2421177,0.8205736,0.06139077
0.2426195,0.8182579,0.06404285
0.2430796,0.8159276,0.06647263
0.2441049,0.8131923,0.06940393
0.2446743,0.8112596,0.07128964
0.245113,0.8094276,0.07307766
0.2455587,0.8074465,0.07468788
0.2459895,0.8052362,0.07632248
0.2464779,0.8032392,0.07754426
0.2467319,0.8015237,0.0785362
0.2469622,0.7999426,0.07952707
0.2469575,0.7980517,0.08053268
0.2465829,0.7953646,0.08165319
0.2461101,0.7932826,0.0826581
0.2459303,0.7914158,0.08324422
0.2458659,0.7895702,0.08401664
0.2453999,0.7870899,0.08483766
0.2450376,0.7847562,0.085335
0.2449148,0.7830042,0.08554678
0.2445792,0.7815707,0.08598243
0.2444831,0.7796227,0.08608942
0.2444031,0.777639,0.08602463
0.2440926,0.7759579,0.08631717
0.2437043,0.7743281,0.08645968
0.2432511,0.772558,0.08640127
0.2433354,0.7705874,0.08668511
0.2428934,0.7692929,0.08689199
0.2424189,0.7680976,0.08684297
0.2418641,0.7667606,0.08671854
0.2409789,0.7654262,0.08634917
0.2402847,0.7642117,0.08587204
0.2395119,0.7630923,0.08519916
0.2387661,0.7623594,0.08458178
0.2378413,0.7614745,0.08358525
0.2371768,0.760942,0.08260728
0.2365043,0.7603834,0.08127885
0.2359268,0.7598603,0.08022295
0.2350568,0.7594208,0.07899855
0.2341898,0.7591677,0.07791983
0.2335788,0.7589603,0.07639639
0.2330695,0.7588134,0.07496987
0.2327573,0.7588146,0.07383899
0.2321991,0.7588282,0.07241873
0.2317373,0.758874,0.07127054
0.2311859,0.7589088,0.07065265
0.2307117,0.7589255,0.0703225
0.2299972,0.7588708,0.06992684
0.2294007,0.7586661,0.06944887
0.228758,0.7586721,0.06906937
0.2280471,0.7586797,0.0686783
0.2274638,0.7585619,0.06819995
0.2267836,0.7585421,0.06760089
0.2264767,0.7585824,0.06649922
0.2261932,0.7585557,0.06553821
0.2259588,0.7584901,0.06460081
0.2258402,0.7586451,0.06397413
0.2255205,0.758458,0.06378029
0.225218,0.7583387,0.06373145
0.2252689,0.758173,0.06344478
0.225153,0.7582858,0.06322698
0.2251842,0.7584472,0.06295483
0.2253676,0.7589175,0.06267361
0.2256522,0.7592981,0.06244723
0.2257364,0.7597321,0.06206243
0.2258163,0.7603216,0.06178771
0.2258167,0.7607321,0.06156056
0.2257902,0.7610009,0.06132592
0.2258489,0.7613414,0.06128423
0.2260407,0.7616658,0.06136869
0.2263386,0.7620302,0.06160261
0.2264256,0.7623172,0.06180523
0.2267415,0.7624491,0.06215461
0.2268896,0.7626746,0.06253912
0.2269386,0.7627916,0.06289656
0.2271057,0.762863,0.06337292
0.2272453,0.7628724,0.06377466
0.227384,0.7628613,0.06416832
0.2275998,0.7628122,0.06475739
0.227813,0.7627919,0.06538443
0.2279626,0.7627704,0.06593476
0.2282825,0.7625991,0.0665075
0.2283951,0.7624429,0.06706218
0.2285563,0.7622114,0.06782053
0.2286789,0.7619537,0.06827722
0.2286831,0.7617838,0.06859909
0.2287423,0.7616034,0.0689875
0.2288502,0.7614065,0.06933682
0.2287798,0.7612918,0.06955431
0.2287744,0.7611921,0.06973372
0.2287599,0.7612085,0.06992649
0.2287678,0.7611256,0.06991021
0.2288968,0.7611635,0.06974737
0.229012,0.7612339,0.06957732
0.2290683,0.7613621,0.06937765
0.2291658,0.7615128,0.06904219
0.2292085,0.7616666,0.0687549
0.2292772,0.7618631,0.0684226
0.2292702,0.7619699,0.06809606
0.2292671,0.7621416,0.06784789
0.2292358,0.7624086,0.06758873
0.2291784,0.7625282,0.0673217
0.2291825,0.7626379,0.0670913
0.2291917,0.7627092,0.06684785
0.2292218,0.7626908,0.06657128
0.229214,0.7626867,0.06639652
0.2293274,0.7625698,0.06624012
0.2293884,0.7624739,0.06614994
0.2294385,0.7622955,0.06610189
0.2294196,0.7621482,0.06614493
0.2287337,0.7607833,0.06724133
0.2288478,0.7601009,0.06761728
0.228823,0.7598618,0.06789647
0.2290026,0.758736,0.06882088
0.2292737,0.7582987,0.06913768
0.2293922,0.758168,0.0691369
0.2294361,0.7582076,0.06905662
0.2296081,0.7580786,0.06891255
0.2300676,0.758015,0.0699477
0.2304143,0.7576492,0.07087003
0.230805,0.7581622,0.0713257
0.2307491,0.7587314,0.0707287
0.2311483,0.7597759,0.06936534
0.2312696,0.7605056,0.06847154
0.2315199,0.7609455,0.06753896
0.2316894,0.7612546,0.06687324
0.2318081,0.761467,0.06631248
0.2319067,0.7616069,0.06575467
0.2319725,0.7616625,0.06529103
0.2319142,0.7617359,0.06499441
0.2317363,0.7615426,0.06497471
0.2314874,0.7613063,0.06501125
0.2311617,0.7611874,0.06543563
0.2309651,0.7605233,0.06593464
0.2307798,0.760038,0.06646238
0.2306139,0.7597151,0.06686018
0.2306209,0.7592264,0.06715326
0.2305884,0.7588239,0.06743275
0.2306161,0.7587159,0.06777577
0.230702,0.7586527,0.0680586
0.2305391,0.7586289,0.06819515
0.2304948,0.7587846,0.06844388
0.2310445,0.7587157,0.06884812
0.2311392,0.758499,0.06952752
0.2311651,0.7582555,0.070298
0.2310052,0.7579024,0.07091974
0.2309916,0.7576357,0.0714197
0.230988,0.7575501,0.07171015
0.230941,0.7575381,0.07186933
0.230647,0.7574955,0.07184695
0.230406,0.7573904,0.07165883
0.2301705,0.757474,0.07141124
0.2300945,0.7577744,0.07118349
0.2300553,0.757926,0.0709338
0.2299738,0.758244,0.07051586
0.2297569,0.758333,0.07019173
0.2296433,0.7584367,0.07000469
0.2294313,0.7585087,0.06980239
0.2291952,0.7584,0.0693589
0.2291828,0.7583926,0.06900333
0.2290467,0.7584231,0.06894268
0.2290426,0.7581543,0.06856565
0.2291804,0.7582031,0.06856255
0.2291744,0.758169,0.06856076
0.229254,0.7582727,0.06878583
0.2292969,0.7581863,0.06891109
0.2292839,0.7582466,0.06918554
0.2293653,0.7583566,0.06961541
0.2294002,0.7583819,0.07001553
0.2295338,0.7584072,0.07037295
0.229749,0.7584344,0.07082857
0.2300354,0.7584653,0.07135408
0.2304817,0.7582665,0.07178353
0.2307715,0.7581056,0.07212721
0.2310527,0.7579436,0.07254337
0.2314676,0.7579744,0.07290296
0.2316689,0.7577458,0.0732228
0.2319156,0.7574092,0.07355277
0.2318694,0.7571438,0.07393242
0.2318769,0.7566773,0.07430069
0.231803,0.7562868,0.074755
0.2316406,0.7558966,0.07510473
0.231553,0.7557289,0.07525794
0.2315892,0.7556238,0.07519569
0.2317114,0.7558292,0.07525079
0.2319428,0.7561081,0.07520755
0.2320938,0.7563094,0.07513408
0.2321404,0.7565129,0.07494847
0.2322943,0.7567495,0.07462086
0.2323149,0.7571619,0.07435052
0.2325946,0.7576275,0.07400273
0.2327624,0.7580071,0.07374494
0.2327043,0.7584267,0.07346807
0.2329786,0.758967,0.0734347
0.2329752,0.759362,0.07334958
0.2329635,0.7597502,0.0732327
0.2328591,0.7601182,0.07322718
0.2327215,0.7602878,0.07300501
0.2326244,0.760471,0.07307582
0.2325043,0.760627,0.07313935
0.2324567,0.7607802,0.07322077
0.2324315,0.7609988,0.07339023
0.2323611,0.7612062,0.07341079
0.2324216,0.7613216,0.07347865
0.2325591,0.7613494,0.07349412
0.2325608,0.7612978,0.0734766
0.2324548,0.7612694,0.0737149
0.2323009,0.7610289,0.07402872
0.2321736,0.7607787,0.07450585
0.231988,0.7605043,0.07510136
0.2318096,0.7602202,0.07589667
0.231683,0.7598336,0.0766273
0.2313797,0.7593017,0.0772493
0.2311475,0.7588838,0.07795815
0.2312272,0.7578989,0.07860927
0.2311403,0.7571067,0.07942967
0.2311488,0.7563727,0.08025397
0.2309213,0.7560776,0.0811194
0.2309849,0.7556232,0.08189027
0.2307851,0.7551106,0.08271433
0.2307355,0.7548448,0.08318685
0.2306634,0.7547609,0.08345734
0.2306363,0.7546656,0.0837643
0.2305838,0.7544815,0.08405651
0.2304307,0.7542971,0.08422078
0.2302985,0.754393,0.08429314
0.2301806,0.7544647,0.08425735
0.2300736,0.7547,0.08403002
0.2299214,0.7551439,0.08349381
0.2298084,0.7556251,0.08284132
0.2296999,0.756117,0.08224763
0.2293953,0.7566796,0.08171068
0.2290144,0.7572027,0.08083801
0.2286357,0.7578141,0.08019809
0.2284449,0.7580777,0.07952325
0.2280876,0.7587611,0.07909755
0.2279805,0.7591668,0.07838897
0.227753,0.7595099,0.0777667
0.2274624,0.7596305,0.07739036
0.2271718,0.7598,0.07711928
0.2265976,0.7601823,0.07712229
0.2263732,0.7602993,0.07713874
0.2261148,0.7603632,0.07740204
0.2258643,0.7603679,0.07759054
0.2256408,0.7601929,0.07786886
0.225305,0.7602091,0.07834063
0.2252198,0.7600005,0.07892512
0.2252408,0.7597867,0.07925235
0.2251926,0.7597468,0.07973678
0.2253227,0.7597123,0.08051096
0.2255473,0.7597914,0.08137585
0.2258808,0.7599826,0.08220579
0.2261293,0.7601717,0.08302806
0.2264518,0.7602547,0.08398987
0.226623,0.7599059,0.08478884
0.2266457,0.7593628,0.08565511
0.226753,0.7589424,0.0866258
0.2267613,0.7584251,0.08753894
0.2266622,0.757737,0.08812635
0.2268572,0.7572549,0.08881329
0.2270854,0.7568825,0.08929254
0.2274253,0.7565029,0.0898072
0.2276643,0.756167,0.09026898
0.2279685,0.7557638,0.09084855
0.22817,0.7554246,0.09134816
0.2283788,0.7551799,0.09215705
0.2285279,0.7546589,0.09282075
0.228571,0.7541547,0.09338449
0.2283708,0.7536401,0.09393685
0.2283066,0.7531448,0.09440862
0.2283525,0.7528201,0.09499882
0.2284889,0.7523648,0.09572481
0.2284726,0.7520279,0.0965396
0.2284982,0.7515894,0.09731941
0.2284154,0.7510446,0.09802957
0.228391,0.750346,0.09897093
0.2286709,0.7497599,0.099829
0.2288326,0.7493609,0.1004595
0.2289549,0.7489961,0.1009986
0.2292394,0.7485052,0.1015041
0.2294537,0.7482494,0.1021163
0.2297388,0.7477978,0.1023244
0.2297618,0.7476841,0.1026473
0.2298488,0.7471581,0.1027409
0.2298752,0.7468111,0.1030019
0.2299175,0.7465375,0.1031843
0.2299612,0.7462469,0.1033531
0.2301145,0.745889,0.103193
0.2301508,0.7456734,0.1028974
0.2301239,0.7456844,0.1025482
0.2303532,0.7456844,0.102088
0.2303922,0.7456546,0.1015318
0.2306384,0.7457057,0.1009828
0.2306562,0.7459071,0.1003374
0.2309208,0.7458798,0.09970014
0.2307917,0.7460852,0.09926714
0.2306796,0.746157,0.09870265
0.2303777,0.7464557,0.09813504
0.229867,0.7467182,0.0972793
0.2295702,0.7470539,0.09662138
0.2290998,0.747444,0.09593354
0.2285098,0.747716,0.09509204
0.2277064,0.7481604,0.09425502
0.227041,0.7482763,0.09353088
0.2264601,0.7484379,0.0929607
0.2258983,0.748628,0.09243099
0.2254651,0.748741,0.09191094
0.2249427,0.7486594,0.09139074
0.224527,0.7486377,0.09100489
0.2242644,0.7486332,0.090712
0.2238338,0.7485788,0.09032522
0.2234879,0.748515,0.09008472
0.2233245,0.7485493,0.09003215
0.2231237,0.7485905,0.0897169
0.2230702,0.748679,0.08948557
0.2230626,0.7487462,0.08921175
0.2229848,0.7487826,0.08903341
0.2228667,0.7487991,0.08897369
0.2230274,0.7486529,0.08894362
0.2230325,0.7487194,0.08919363
0.2231453,0.7487453,0.0894544
0.2231578,0.7487174,0.08970241
0.2232199,0.7486172,0.08988459
0.223354,0.7484853,0.09011827
0.2234373,0.7483066,0.09041746
0.2235623,0.7482226,0.09087197
0.2237465,0.7481321,0.09129952
0.2238822,0.7479609,0.09180705
0.2240842,0.7476349,0.09240554
0.2242222,0.7472835,0.09290425
0.2242845,0.7469288,0.09346806
0.2242526,0.7463749,0.09394942
0.2243073,0.7454835,0.09443252
0.2244027,0.7451227,0.09493713
0.2244234,0.7447367,0.09533267
0.2244352,0.7441055,0.09557424
0.2244778,0.7435773,0.09571813
0.2242941,0.7433426,0.09576963
0.2242976,0.7433519,0.09564374
0.2242908,0.7434164,0.09550105
0.2243532,0.7432727,0.09514217
0.2242208,0.7434204,0.09453209
0.2241401,0.7435835,0.09409402
0.2240892,0.7436243,0.09363095
0.2240445,0.7436627,0.09320198
0.2239159,0.7439523,0.09280066
0.223859,0.7440591,0.09249799
0.2237468,0.7441363,0.09222548
0.2235909,0.7443097,0.09204154
0.2233932,0.7443953,0.09180234
0.2232093,0.74455,0.09159093
0.2230785,0.7447286,0.09144349
0.2229241,0.7449792,0.09127761
0.222712,0.7451916,0.09097318
0.2225595,0.7454308,0.09045015
0.2224145,0.7457779,0.09002571
0.2222339,0.7461539,0.08971386
0.2220322,0.7463771,0.08909608
0.2219037,0.7465238,0.08825724
0.2217887,0.7467119,0.08741294
0.2216264,0.7470072,0.08676703
0.2214183,0.7474167,0.08605565
0.2212594,0.7478352,0.08538412
0.221093,0.7483992,0.08456419
0.2209083,0.748798,0.08388422
0.2207517,0.7490452,0.08315103
0.2205054,0.7494242,0.08210836
0.2202202,0.7498596,0.08111887
0.2202323,0.7500753,0.08040582
0.2201004,0.7502444,0.079713
0.2200048,0.7504311,0.07907896
0.2199905,0.7503887,0.07832907
0.2198314,0.7504595,0.07797812
0.2196491,0.7504633,0.07763399
0.2194237,0.7503584,0.0771551
0.2192294,0.7502165,0.07672022
0.2190583,0.7502194,0.07637013
0.2189084,0.7500915,0.07595627
0.2188372,0.7501243,0.07566749
0.2187234,0.7501262,0.07543953
0.2185767,0.7500793,0.07531916
0.2183777,0.7499258,0.07535808
0.2183559,0.7498584,0.07550107
0.2184288,0.7499676,0.07587598
0.2186201,0.7500094,0.07639183
0.2186929,0.7500457,0.07694094
0.2187568,0.7498015,0.07744293
0.2187892,0.749631,0.07807688
0.2190465,0.7493423,0.07882421
0.2194541,0.7492233,0.07994445
0.2199796,0.7490175,0.08136551
0.2204646,0.7486746,0.08263265
0.2209737,0.7482308,0.08428125
0.2214613,0.7478099,0.08564328
0.221908,0.7474759,0.08668403
0.2222908,0.7471846,0.08774506
0.2227081,0.7469198,0.08892356
0.2233586,0.7464014,0.09006755
0.2239654,0.7462166,0.09102373
0.2243791,0.7461396,0.09200732
0.2249038,0.7458995,0.09261276
0.2253494,0.7457247,0.09329991
0.2254702,0.745632,0.09380947
0.2256218,0.7456492,0.09416299
0.2257375,0.7455266,0.09428148
0.225787,0.7456941,0.09467359
0.2258063,0.745599,0.09456329
0.2257913,0.7455891,0.09460418
0.2257813,0.7456022,0.09468709
0.2257441,0.7455049,0.0946802
0.225817,0.7454882,0.09479006
0.2257577,0.7454689,0.09487735
0.2257528,0.7453876,0.09483401
0.2258398,0.7453144,0.09484701
0.2258008,0.7452163,0.09473608
0.2257299,0.7451611,0.09464912
0.2257097,0.7450767,0.0946366
0.2256209,0.7448888,0.09450801
0.2255696,0.7446116,0.09448202
0.2254761,0.744274,0.09461091
0.2251994,0.743907,0.09476839
0.2249977,0.7435188,0.09474938
0.2248587,0.7431713,0.09470098
0.2247844,0.7428685,0.09462659
0.224682,0.7427142,0.09420411
0.2244856,0.7425712,0.09400068
0.2244304,0.7423193,0.09381811
0.2244668,0.7419015,0.09375615
0.2245681,0.7413459,0.09386806
0.2244748,0.7406438,0.09386264
0.2243243,0.7399953,0.093661
0.2241345,0.7393847,0.0933625
0.2239031,0.7387629,0.09316586
0.2237849,0.7380517,0.09278844
0.2236554,0.7375718,0.09245132
0.2235078,0.7371051,0.09198146
0.2232143,0.7368446,0.091359
0.222789,0.7366353,0.09030382
0.2224876,0.7364551,0.08940248
0.2221704,0.7364433,0.08884071
0.2218274,0.7363866,0.08813249
0.2213811,0.7365302,0.08753358
0.2207863,0.7365522,0.08691566
0.2203609,0.7366436,0.08634351
0.2198534,0.7368761,0.08587621
0.2191798,0.7373109,0.08532988
0.2185891,0.7376779,0.0847197
0.2182087,0.7380655,0.08435692
0.2177491,0.7385715,0.08402736
0.2176113,0.7394343,0.08390953
0.2175925,0.7401052,0.08380733
0.2174467,0.7404743,0.08384763
0.2172436,0.7408605,0.08382295
0.2172042,0.7411743,0.08376221
0.21724,0.741518,0.08373843
0.2173076,0.741847,0.08381556
0.2173651,0.7420843,0.08389656
0.2175762,0.7421722,0.08412804
0.2177325,0.7421107,0.08440389
0.2179503,0.7419423,0.08467872
0.2181497,0.7418526,0.08514754
0.2184367,0.7415268,0.08532368
0.2186113,0.7414513,0.08571102
0.2188293,0.741213,0.08603887
0.2190584,0.7410331,0.086367
0.2192974,0.7407938,0.08662091
0.2196787,0.7404211,0.08680187
0.2198711,0.7400356,0.08690326
0.2202964,0.7396663,0.08702116
0.2206356,0.7392963,0.08696692
0.220723,0.7391737,0.08710288
0.2209453,0.7388871,0.08707373
0.2210307,0.7386749,0.08698045
0.2212787,0.7384912,0.08698575
0.2215194,0.7381743,0.08698283
0.2216286,0.7377823,0.08685891
0.2215017,0.7374414,0.08660607
0.2214729,0.7369145,0.08597444
0.2213405,0.7363148,0.08539502
0.2209529,0.73592,0.08482294
0.2204156,0.73538,0.08387075
0.2199313,0.7346783,0.08267401
0.2193411,0.7339733,0.08157472
0.2184494,0.7331868,0.08027785
0.2173548,0.7324906,0.07828991
0.2163665,0.7316172,0.07606249
0.2156363,0.7309392,0.0734634
0.2148181,0.7304353,0.07033561
0.214112,0.7300299,0.06631725
0.2133842,0.729718,0.0609308
0.2128558,0.7298813,0.05530937
0.212465,0.7301334,0.04988714
0.2120514,0.730572,0.0438955
0.2112483,0.731015,0.03756751
0.209519,0.731134,0.03051056
0.2078457,0.730773,0.02488598
0.2058629,0.7301973,0.01905385
0.2035005,0.729565,0.0127504
0.2008701,0.7292929,0.00639753
0.198574,0.7293902,-0.0001341999
0.1964884,0.7295396,-0.005810067
0.1940562,0.7296051,-0.01159476
0.1908798,0.7302437,-0.01726514
0.1865393,0.7331253,-0.02257691
0.1819456,0.7368725,-0.02698086
0.1764898,0.7411979,-0.03170343
0.1709069,0.7451754,-0.03577606
0.1635033,0.7489761,-0.03991956
0.1552538,0.7525776,-0.04307438
0.1473145,0.7557059,-0.04534249
0.1373923,0.7592965,-0.04704849
0.1284091,0.7637144,-0.04887278
0.1169981,0.7673958,-0.04998361
0.106591,0.7715805,-0.05101904
0.09619183,0.7756835,-0.05188702
0.08558607,0.7800623,-0.05229209
0.07460724,0.785163,-0.05283654
0.06515211,0.7896257,-0.05331583
0.05634114,0.7936735,-0.05318011
0.04744923,0.7980381,-0.05305237
0.03882386,0.802609,-0.05249412
0.03113268,0.8068729,-0.05167216
0.02525157,0.8106933,-0.05075878
0.01935342,0.8148263,-0.04948626
0.01303132,0.8198696,-0.04813464
0.006819412,0.8248151,-0.04665864
0.001659393,0.8289973,-0.04493871
-0.003147066,0.8329316,-0.04299976
-0.007358342,0.8361197,-0.04067002
-0.01248884,0.8397972,-0.03784436
-0.01627105,0.842362,-0.03555091
-0.01948711,0.8445354,-0.03339681
-0.02255349,0.8465367,-0.03084746
-0.02476846,0.8481365,-0.02884065
-0.02669266,0.8494487,-0.02634217
-0.02769989,0.8504701,-0.02480339
-0.0282144,0.8509859,-0.02301301
-0.02964118,0.8521406,-0.02193567
-0.03164195,0.8528948,-0.02106126
-0.03318827,0.8531376,-0.02092718
-0.03351085,0.8529934,-0.02089606
-0.03277515,0.8527065,-0.02060609
-0.02984697,0.8527412,-0.02017163
-0.02684429,0.8528,-0.0198276
-0.02389292,0.853052,-0.01965111
-0.01943567,0.8530455,-0.01985192
-0.01401429,0.8526569,-0.02039243
-0.009087771,0.8520289,-0.02104871
-0.004031345,0.8514069,-0.02195229
0.001516446,0.8504398,-0.02268049
0.008058861,0.8488598,-0.02360189
0.01386639,0.8477965,-0.02476411
0.01880608,0.8466271,-0.02554242
0.02426532,0.8453203,-0.02655803
0.03102957,0.8436196,-0.02744538
0.03838059,0.8421004,-0.02860239
0.04479323,0.8402063,-0.02961445
0.05037951,0.8379965,-0.03042853
0.05721697,0.835192,-0.03147055
0.0627231,0.8327032,-0.03214942
0.06709151,0.8305646,-0.03278807
0.07110903,0.8281782,-0.03345509
0.07528494,0.8257135,-0.03410976
0.07968315,0.8225461,-0.0348444
0.08180796,0.8194125,-0.03491879
0.08340696,0.8164929,-0.03470537
0.0844447,0.8127056,-0.0342875
0.08449136,0.8089313,-0.03361693
0.082773,0.8052477,-0.032462
0.08088873,0.8021984,-0.03141008
0.07754886,0.7990668,-0.03054579
0.07189065,0.796153,-0.02997814
0.06422256,0.7927567,-0.0291208
0.05467974,0.7891579,-0.02872805
0.04595162,0.786043,-0.02834265
0.03421658,0.7822655,-0.02812845
0.0230688,0.7780927,-0.02837808
0.01484261,0.7733093,-0.02909909
0.008156836,0.7693709,-0.02875318
0.001495808,0.7652391,-0.02771196
-0.005469412,0.7612138,-0.02619506
-0.013531,0.7567518,-0.02386571
-0.01991849,0.7538226,-0.02202028
-0.02485073,0.7515538,-0.02060392
-0.03025785,0.7489083,-0.01897858
-0.03636871,0.7459338,-0.01774718
-0.03973888,0.7436237,-0.01716603
-0.0425723,0.7416146,-0.01690765
-0.04545806,0.7390292,-0.01673225
-0.04821478,0.7369812,-0.01739722
-0.04932545,0.7362903,-0.01813488
-0.0508887,0.7353323,-0.01892211
-0.05223946,0.7345029,-0.0195052
-0.05407451,0.7335194,-0.01982526
-0.05611341,0.7328979,-0.01991268
-0.05735882,0.7327437,-0.02024288
-0.05837925,0.7327632,-0.02066605
-0.05949496,0.7330092,-0.02144304
-0.06027679,0.7334381,-0.0223882
-0.06086896,0.7339694,-0.02333811
-0.06132828,0.7343519,-0.02445857
-0.06219952,0.7343758,-0.02581181
-0.06321387,0.7344232,-0.02704041
-0.06382881,0.7345131,-0.02686457
-0.0640258,0.7345474,-0.02747163
-0.06439774,0.7345021,-0.02807239
-0.06492718,0.7350563,-0.02859159
-0.0652815,0.7360101,-0.02960818
-0.06606089,0.7365082,-0.03022742
-0.06634144,0.7373419,-0.03066972
-0.06710301,0.7377294,-0.03140274
-0.06748597,0.7386573,-0.03215848
-0.06736396,0.7398663,-0.0326248
-0.06723212,0.7408567,-0.03282923
-0.06737255,0.7413796,-0.03262474
-0.06711571,0.7415751,-0.03275532
-0.06693731,0.7411609,-0.03243624
-0.06641214,0.7407799,-0.03226173
-0.06544094,0.7396271,-0.0321835
-0.06414704,0.737485,-0.03241725
-0.06234024,0.7349539,-0.03262368
-0.06059389,0.7327595,-0.03299378
-0.05878375,0.7304295,-0.03289913
-0.05694364,0.727733,-0.03259441
-0.05371682,0.7241588,-0.03237562
-0.05070244,0.7209283,-0.03144224
-0.04701541,0.7187517,-0.03073081
-0.04294293,0.7172318,-0.02948505
-0.03946202,0.7161179,-0.02746375
-0.03583424,0.7172773,-0.02516901
-0.0340368,0.7188383,-0.02346706
-0.03338842,0.7209337,-0.02098268
-0.03357182,0.7221718,-0.01825908
-0.03259997,0.7248973,-0.01483701
-0.03269093,0.7280479,-0.009675726
-0.03112595,0.73117,-0.00625287
-0.02883376,0.7346129,-0.00457719
-0.0263861,0.7375432,-0.003879234
-0.0229536,0.7396691,-0.001209155
-0.01874457,0.7422503,0.0005130023
-0.01418427,0.7456718,0.001931086
-0.007854819,0.7504722,0.003638342
-0.0008339435,0.7566374,0.004291728
0.005588576,0.7622772,0.005220085
0.01186839,0.7677253,0.005438045
0.01964733,0.7745575,0.005638614
0.0275998,0.781422,0.005504176
0.03460768,0.7874811,0.004888251
0.04049931,0.7926019,0.00443624
0.04786637,0.798456,0.004043952
0.05496277,0.804756,0.003592804
0.06165484,0.8105778,0.003495887
0.06721994,0.8151863,0.003701031
0.07244988,0.8194447,0.00400798
0.07884814,0.8248113,0.004138887
0.08491403,0.8297537,0.004539683
0.0902328,0.8339415,0.004798308
0.09500621,0.8377399,0.004809231
0.1010041,0.8418177,0.004624382
0.107786,0.8468729,0.00352332
0.1122754,0.8495203,0.003060669
0.1162302,0.8520167,0.00270851
0.1205572,0.8548957,0.002622858
0.1242459,0.8578122,0.003662303
0.1286702,0.8589863,0.004983887
0.1337374,0.8602119,0.006138727
0.1383451,0.8612514,0.006770939
0.1440026,0.8618184,0.007716402
0.1489998,0.8618655,0.009146884
0.1537357,0.8614183,0.01115383
0.1577603,0.8613431,0.0124815
0.1628061,0.8614456,0.01376952
0.1675689,0.8613477,0.0147402
0.1697164,0.8604932,0.01655601
0.1714678,0.8594275,0.01878664
0.1723549,0.8584822,0.02160554
0.1733126,0.8576296,0.02514952
0.1742632,0.8566478,0.02872451
0.1754637,0.8559144,0.03190438
0.1768655,0.8550178,0.03485449
0.17857,0.8540431,0.03838371
0.1804857,0.8530001,0.04170749
0.1819228,0.8521896,0.04469796
0.1832295,0.8515456,0.04736935
0.1847686,0.850803,0.05028723
0.1863619,0.8500322,0.05373816
0.1887714,0.849182,0.05674537
0.1902855,0.8484131,0.0592327
0.1918561,0.8474188,0.06172387
0.1937262,0.8462127,0.06465493
0.1944701,0.845403,0.06730507
0.1955108,0.8443943,0.06963159
0.196256,0.8436416,0.07225148
0.1971279,0.8429161,0.07470219
0.1983204,0.8420616,0.07827835
0.1994089,0.841366,0.0811079
0.2003723,0.8408079,0.0842091
0.2015515,0.8401139,0.08735995
0.2028841,0.8393891,0.09198539
0.2046855,0.8388126,0.0963359
0.2063102,0.8382859,0.1004605
0.208093,0.8379644,0.1046766
0.2096153,0.8382958,0.1094967
0.2106001,0.8388484,0.1150342
0.2115006,0.8394213,0.119174
0.2124201,0.8400529,0.1237144
0.2136939,0.8405977,0.1286357
0.2152495,0.8414324,0.1336472
0.2165039,0.8422311,0.1378504
0.2174973,0.8432813,0.1414196
0.2184162,0.8448349,0.1451878
0.2190746,0.8453988,0.1493767
0.219726,0.846021,0.1532732
0.2198542,0.8462601,0.1563794
0.2202532,0.8465396,0.1602289
0.2203632,0.8457876,0.1638807
0.2215995,0.844628,0.1677908
0.2229181,0.8434705,0.1701101
0.2244675,0.8415943,0.172292
0.2265932,0.8392656,0.1745708
0.2285094,0.8355768,0.176662
0.2307505,0.8332537,0.1776328
0.2325724,0.8320578,0.177529
0.2347499,0.8306304,0.1766092
0.2370342,0.8294409,0.1748267
0.2386109,0.8274792,0.1722324
0.2396268,0.8252345,0.1697
0.2399126,0.8225322,0.1675438
0.2398628,0.8192006,0.1661706
0.2393841,0.8156748,0.1649693
0.2384057,0.8114994,0.1645882
0.2377387,0.8080261,0.1638127
0.2370614,0.8043516,0.1626212
0.2361229,0.8003588,0.1609259
0.2353876,0.7975517,0.1587529
0.2345965,0.7951713,0.1567017
0.2340465,0.7925926,0.1545348
0.2329968,0.7896722,0.1521258
0.2321486,0.7869654,0.1496866
0.2312138,0.7841743,0.1474478
0.2305011,0.7819434,0.1458298
0.2294479,0.7786592,0.1435661
0.2286939,0.7760645,0.1414124
0.227972,0.7736021,0.1392673
0.2272643,0.7713197,0.1374665
0.2267795,0.7691515,0.1358966
0.2261919,0.7665628,0.1337465
0.2256324,0.7648636,0.1322316
0.2251826,0.7629904,0.1307461
0.2249734,0.761093,0.1295786
0.2247018,0.7587567,0.1283001
0.2245035,0.7569867,0.1272357
0.2244359,0.7554066,0.1263081
0.2246113,0.7540141,0.1256969
0.2247499,0.752494,0.125181
0.2250855,0.7508383,0.1244971
0.2255537,0.7496501,0.1238322
0.225914,0.7488287,0.123406
0.2264463,0.7478634,0.1227698
0.227126,0.7467402,0.1219871
0.2276693,0.7456854,0.1216236
0.2280833,0.7448857,0.1213307
0.2285585,0.7440379,0.1210871
0.2289901,0.7431639,0.1209572
0.2292133,0.7421883,0.1209461
0.2295951,0.7411869,0.1209547
0.2300302,0.7402547,0.1210652
0.2300547,0.7396351,0.1213214
0.2302995,0.7385932,0.1215814
0.2304789,0.7378657,0.1219988
0.2306279,0.7370321,0.1223166
0.230586,0.7365375,0.1228825
0.2308557,0.7356279,0.1234852
0.2310086,0.7347656,0.1240229
0.2311663,0.7340091,0.1245809
0.2314301,0.7331389,0.12519
0.2314381,0.7323895,0.1260044
0.2315777,0.7311423,0.1267037
0.2316638,0.7300482,0.1273957
0.2318787,0.729086,0.1281134
0.2320579,0.7279317,0.1287712
0.232257,0.7267135,0.1296472
0.2322934,0.7259192,0.1303037
0.2324714,0.7249126,0.1307134
0.2325271,0.7241972,0.1313719
0.2323379,0.7236045,0.1323019
0.2323886,0.7230185,0.1331977
0.2324063,0.7225896,0.1339357
0.2322388,0.7221569,0.1345336
0.2320604,0.7217072,0.1352049
0.2317114,0.7215591,0.1357879
0.2318402,0.7210143,0.1364054
0.2320175,0.720562,0.1370465
0.2318746,0.7200003,0.1381159
0.2316979,0.7193404,0.1392858
0.2322299,0.71853,0.1403975
0.2325186,0.7175723,0.1412617
0.23281,0.7168112,0.1421061
0.2332511,0.7158826,0.1434499
0.233319,0.7150316,0.1445924
0.2335532,0.7143508,0.1455815
0.2339299,0.713726,0.1462762
0.2343027,0.7131889,0.1472471
0.2345632,0.7126663,0.1479421
0.2343663,0.7123814,0.1483318
0.234195,0.7123827,0.1488321
0.2341223,0.712683,0.1490992
0.23374,0.713412,0.1490312
0.2333568,0.7142249,0.1485427
0.2328585,0.7150877,0.1478502
0.2325567,0.7158847,0.1470562
0.2322587,0.7164844,0.1460388
0.2319079,0.7174438,0.1450031
0.2319657,0.7179207,0.1441301
0.2319581,0.7184991,0.143337
0.2320754,0.7189878,0.1425347
0.2319955,0.7191842,0.1415528
0.231932,0.7193059,0.140511
0.2318605,0.719354,0.139684
0.2316616,0.719512,0.1389111
0.2313747,0.7196606,0.1380808
0.2309065,0.7197593,0.1369151
0.2303102,0.7196692,0.1357598
0.229902,0.7195635,0.1348773
0.2293686,0.7195519,0.1338507
0.2288212,0.7195562,0.1329917
0.2284588,0.7192703,0.1320049
0.2279679,0.7190621,0.1312729
0.2274805,0.7189395,0.1308401
0.2271243,0.7185777,0.130386
0.2268083,0.7182556,0.1299956
0.2261939,0.7177325,0.1297261
0.2257287,0.7174578,0.1298017
0.2253173,0.7171282,0.129781
0.2246877,0.7167104,0.1297461
0.2242636,0.7162938,0.1297797
0.2239054,0.7161015,0.1299664
0.2236441,0.7157343,0.1299369
0.2231843,0.7155238,0.1300661
0.2230053,0.7152234,0.1301669
0.2230957,0.7146129,0.1304037
0.2229954,0.714301,0.1308268
0.2230132,0.7139686,0.1314055
0.2229908,0.7135604,0.1319621
0.2229762,0.7133349,0.1325936
0.2232122,0.7129717,0.1331324
0.2234651,0.7125383,0.1335403
0.2237199,0.7119299,0.1341161
0.2237998,0.7115558,0.1348797
0.2239357,0.7110792,0.1355437
0.2238788,0.7107041,0.1364878
0.2240652,0.710265,0.1375162
0.2243171,0.7097197,0.1387113
0.2245829,0.7092114,0.1396156
0.2246781,0.7086914,0.140345
0.2248793,0.7082394,0.1413948
0.2250355,0.7077464,0.142307
0.2253366,0.7073467,0.1433431
0.2255412,0.7070251,0.1441214
0.2257434,0.7065313,0.1449279
0.2257825,0.7059624,0.1459841
0.2256857,0.7051796,0.1465856
0.2255918,0.7043951,0.1471734
0.2255388,0.703718,0.1480084
0.225422,0.7027912,0.1489807
0.2254546,0.7017902,0.1501675
0.2253477,0.7010946,0.150945
0.2252093,0.700125,0.1515752
0.2252489,0.6993394,0.1523347
0.225137,0.6986435,0.1531921
0.2249072,0.6980099,0.1537442
0.2246005,0.6974337,0.1542368
0.2243488,0.696911,0.1547473
0.2239015,0.6965798,0.1551443
0.2233843,0.6961961,0.1554331
0.2230297,0.6959949,0.1556817
0.2226663,0.6957453,0.1558022
0.2222728,0.6956692,0.1557561
0.2220034,0.6955515,0.1555496
0.2218896,0.6956306,0.1553383
0.221846,0.695772,0.1551515
0.221638,0.6959311,0.154838
0.2213629,0.6962255,0.1544715
0.2213733,0.6965304,0.153847
0.2212458,0.6967958,0.1532718
0.2209876,0.6971131,0.1525544
0.2209999,0.6973203,0.1517588
0.220847,0.6976789,0.1511377
0.220692,0.6979874,0.1504631
0.2205716,0.697943,0.149565
0.2203313,0.6980596,0.1486773
0.2200053,0.6981501,0.1478274
0.2197221,0.6984473,0.1473384
0.2194932,0.6984733,0.1467292
0.2189924,0.6983405,0.1459285
0.2185424,0.6982465,0.1453554
0.2180035,0.6980169,0.1449747
0.217512,0.6976963,0.1445035
0.2170232,0.6975046,0.1441747
0.2166175,0.6971169,0.1438455
0.2163897,0.6967025,0.1435795
0.2160907,0.696337,0.143359
0.2158006,0.6959663,0.1429842
0.215617,0.6956249,0.1423761
0.215684,0.6956695,0.1417206
0.2154488,0.6959768,0.1413077
0.2149867,0.696488,0.1409969
0.2147344,0.6968363,0.1405483
0.2145519,0.6974266,0.1399302
0.2147671,0.6979322,0.1392286
0.214833,0.6986056,0.1385597
0.2147807,0.6994839,0.1379644
0.2148703,0.7002476,0.137248
0.2150682,0.7008196,0.136477
0.2149896,0.7015033,0.1358518
0.2149725,0.7020896,0.1354261
0.2150979,0.7025765,0.1349978
0.2152251,0.7027858,0.1344943
0.2153278,0.7030297,0.1343443
0.2152322,0.7031212,0.1342237
0.2151572,0.7032204,0.1342468
0.2152835,0.7032345,0.1346523
0.215263,0.7032045,0.135001
0.2152947,0.7029647,0.1350876
0.2154536,0.7028653,0.135503
0.2156146,0.7026804,0.1360712
0.216008,0.702482,0.136364
0.2163267,0.7022553,0.1366955
0.2167102,0.702041,0.1370585
0.2171699,0.7019644,0.1375863
0.2176466,0.7016991,0.1379647
0.2180432,0.7015429,0.1382767
0.2183964,0.7014493,0.1385888
0.2188565,0.7013419,0.1389484
0.2192117,0.7012711,0.1392516
0.2196819,0.7013438,0.1396404
0.2199185,0.7013977,0.1397513
0.2199494,0.7016367,0.1399224
0.2205544,0.7018602,0.1401837
0.2210196,0.7020136,0.1402121
0.2213415,0.7022011,0.1402365
0.2217662,0.7025922,0.1403468
0.2223257,0.7031158,0.140546
0.222695,0.7033735,0.1405951
0.2229167,0.7034866,0.140574
0.2227535,0.7038197,0.1408157
0.2226771,0.7041062,0.1411136
0.2227057,0.7043765,0.1416984
0.2225645,0.7042874,0.1421115
0.222413,0.704222,0.14262
0.2222437,0.7041069,0.1434332
0.2224113,0.7038749,0.1444358
0.22218,0.7036291,0.1450014
0.2220026,0.703419,0.1456624
0.22192,0.7031856,0.1464078
0.2216064,0.7027779,0.1473975
0.2214003,0.7026852,0.1481575
0.2212017,0.7026057,0.148811
0.2211266,0.7024162,0.1492238
0.2212929,0.7021659,0.1495615
0.2213833,0.7021485,0.1496227
0.2215224,0.7021418,0.1496388
0.2216403,0.702148,0.149448
0.2218714,0.7023371,0.1491559
0.2225487,0.702552,0.1484019
0.2228994,0.7030171,0.1477251
0.2233832,0.70361,0.1470887
0.2238273,0.7044809,0.1463498
0.224333,0.7056844,0.1451359
0.2251804,0.7070778,0.1437163
0.2256254,0.7083328,0.1423381
0.2263362,0.7095154,0.1407907
0.2271986,0.7109522,0.1390202
0.2280062,0.7124646,0.1371908
0.2286277,0.7133856,0.1358794
0.228962,0.7144516,0.1350115
0.2295028,0.7152694,0.1340123
0.2296976,0.7161763,0.1329415
0.2298682,0.7168065,0.1323409
0.2301949,0.717264,0.1317771
0.2307063,0.717752,0.1311479
0.2311184,0.7180998,0.1306072
0.2315939,0.7184952,0.1302976
0.2319524,0.7187672,0.1302404
0.2323051,0.7188398,0.1302326
0.2324239,0.7189141,0.1303295
0.232677,0.7190118,0.1309134
0.2327638,0.7190362,0.1314802
0.2328088,0.7189195,0.1319595
0.2331844,0.718875,0.1328089
0.2334078,0.718788,0.1337926
0.2336703,0.7186046,0.1348043
0.2338242,0.7183083,0.1356429
0.2338849,0.7180434,0.1364921
0.2342315,0.7175987,0.1374428
0.2345009,0.7171219,0.1382848
0.2347915,0.7167702,0.1389136
0.2348699,0.7165506,0.1394914
0.2350455,0.7166618,0.1403963
0.2349329,0.7168557,0.141314
0.2344087,0.7172878,0.1421509
0.2339954,0.7177367,0.1426709
0.2330729,0.7186353,0.1432814
0.2319004,0.7201961,0.1441908
0.2312351,0.7213448,0.1447002
0.2305721,0.7222466,0.145113
0.2303987,0.7225428,0.1455949
0.230327,0.7224992,0.1462468
0.2300995,0.7220741,0.1467275
0.2295972,0.7217022,0.1478192
0.2293419,0.721358,0.1486793
0.2288876,0.7209378,0.1495902
0.227971,0.7204631,0.1507487
0.2271622,0.7201329,0.1515541
0.2266293,0.7197922,0.1523688
0.2259957,0.7195366,0.1531563
0.22479,0.7193909,0.1539934
0.2237031,0.7191156,0.1545073
0.2228529,0.7189093,0.154687
0.2218188,0.7191067,0.1548127
0.2202871,0.7196652,0.1546837
0.2194359,0.7204977,0.1543871
0.2187084,0.7213312,0.1540729
0.2175757,0.7224129,0.1543654
0.2166641,0.7233172,0.1544687
0.2159336,0.7241221,0.1540573
0.2152829,0.7249961,0.1542523
0.2149262,0.7257038,0.1544247
0.2146133,0.726316,0.1547907
0.2143559,0.7271243,0.1548413
0.2148087,0.7280355,0.155018
0.2155277,0.7285181,0.1546573
0.2162981,0.729296,0.1541297
0.2172548,0.7300158,0.1532181
0.2184824,0.7309914,0.1521776
0.2194831,0.7317601,0.1514258
0.2202233,0.7322548,0.1509716
0.2208906,0.7327583,0.1508239
0.2212891,0.7334326,0.150902
0.2216956,0.7340348,0.1512385
0.2217664,0.7345574,0.1513807
0.221818,0.7351157,0.1518221
0.2218982,0.7354705,0.1521417
0.2217801,0.7359815,0.1525339
0.2216746,0.7364176,0.1529195
0.2217019,0.7368627,0.1531661
0.2214846,0.7377303,0.1536754
0.2212618,0.738632,0.1541282
0.2208708,0.7392779,0.1546627
0.2204353,0.7398488,0.1558703
0.2198455,0.740491,0.1577768
0.2191057,0.7407085,0.1598554
0.2183025,0.7410126,0.1623155
0.2176051,0.7410932,0.1637853
0.2168992,0.7410772,0.1658335
0.2161393,0.7410524,0.167915
0.2161393,0.7410524,0.167915
0.2161393,0.7410524,0.167915
0.2161393,0.7410524,0.167915
0.2161393,0.7410524,0.167915
0.2161393,0.7410524,0.167915
0.2161393,0.7410524,0.167915
0.2161393,0.7410524,0.167915
0.2161393,0.7410524,0.167915
0.2161393,0.7410524,0.167915
0.2161393,0.7410524,0.167915
0.2161393,0.7410524,0.167915
0.2161393,0.7410524,0.167915
0.2161393,0.7410524,0.167915
0.2161393,0.7410524,0.167915
0.2161393,0.7410524,0.167915
0.2161393,0.7410524,0.167915
0.2161393,0.7410524,0.167915
0.2161393,0.7410524,0.167915
0.2161393,0.7410524,0.167915
0.2161393,0.7410524,0.167915
0.2161393,0.7410524,0.167915
0.2161393,0.7410524,0.167915
0.2161393,0.7410524,0.167915
0.2161393,0.7410524,0.167915
0.2161393,0.7410524,0.167915
0.2161393,0.7410524,0.167915
0.2161393,0.7410524,0.167915
0.2161393,0.7410524,0.167915
0.2161393,0.7410524,0.167915
0.2161393,0.7410524,0.167915
0.2161393,0.7410524,0.167915
0.2161393,0.7410524,0.167915
0.2161393,0.7410524,0.167915
0.2161393,0.7410524,0.167915
0.2161393,0.7410524,0.167915
0.2161393,0.7410524,0.167915
0.2161393,0.7410524,0.167915
0.2161393,0.7410524,0.167915
0.2161393,0.7410524,0.167915
0.2161393,0.7410524,0.167915
0.2161393,0.7410524,0.167915
0.2161393,0.7410524,0.167915
0.2161393,0.7410524,0.167915
0.2161393,0.7410524,0.167915
0.2161393,0.7410524,0.167915
0.2161393,0.7410524,0.167915
0.2161393,0.7410524,0.167915
0.2161393,0.7410524,0.167915
0.2161393,0.7410524,0.167915
0.2161393,0.7410524,0.167915
0.2161393,0.7410524,0.167915
0.2161393,0.7410524,0.167915
0.2161393,0.7410524,0.167915
0.2161393,0.7410524,0.167915
0.2161393,0.7410524,0.167915
0.2161393,0.7410524,0.167915
0.2161393,0.7410524,0.167915
0.2161393,0.7410524,0.167915
0.2161393,0.7410524,0.167915
0.2161393,0.7410524,0.167915
0.2161393,0.7410524,0.167915
0.2161393,0.7410524,0.167915
0.2161393,0.7410524,0.167915
0.2161393,0.7410524,0.167915
0.2161393,0.7410524,0.167915
0.2161393,0.7410524,0.167915
0.2161393,0.7410524,0.167915
0.2161393,0.7410524,0.167915
0.2033156,0.723358,0.1877199
0.2131306,0.7365935,0.1595735
0.2222887,0.7405234,0.139291
0.2280138,0.7413648,0.1303451
0.232628,0.7395709,0.1252688
0.2352401,0.7351828,0.1239005
0.2370826,0.7301845,0.1249481
0.2372739,0.7251356,0.1269006
0.2369857,0.7216256,0.1282795
0.2369415,0.7185083,0.1297597
0.2364385,0.7150696,0.1315207
0.2361019,0.7133148,0.1325601
0.2360374,0.7127684,0.1326365
0.2359185,0.713656,0.1321532
0.2357986,0.7150272,0.1305634
0.236048,0.7165681,0.1291541
0.2361219,0.7175959,0.1281506
0.2360578,0.7181693,0.1274955
0.2359894,0.7185093,0.1271603
0.2358169,0.7187286,0.1267983
0.2356233,0.7188252,0.1264307
0.2355495,0.718947,0.1263624
0.2352745,0.7192176,0.1261795
0.2349361,0.719476,0.1258176
0.234561,0.7197819,0.1253384
0.2342807,0.7196115,0.1250185
0.2340076,0.7196899,0.1245852
0.2334121,0.7197462,0.1236797
0.2329169,0.7200854,0.1233102
0.2325045,0.7201754,0.1227579
0.2323766,0.7201737,0.1223828
0.2318912,0.7201644,0.1218309
0.231671,0.7202503,0.1215319
0.2315674,0.7200997,0.1212394
0.2315679,0.7200707,0.1210121
0.2315471,0.7198799,0.1207513
0.2317377,0.7199524,0.1206875
0.2319768,0.7198156,0.1204917
0.2322606,0.7195902,0.1205317
0.2326329,0.719364,0.1206893
0.2331524,0.7191817,0.1212218
0.2334389,0.7189363,0.1216622
0.2340358,0.7184508,0.1222113
0.2343998,0.7181428,0.1227203
0.2347422,0.7177964,0.12347
0.2353476,0.71719,0.1243374
0.2357975,0.7165955,0.1250002
0.2360219,0.7161461,0.1253168
0.2363843,0.7158173,0.125745
0.2369077,0.7154785,0.1264304
0.2371307,0.7151173,0.1270138
0.2372841,0.714881,0.1274551
0.2376436,0.7146342,0.1279288
0.2377808,0.7143572,0.1282509
0.2381776,0.7141197,0.1289351
0.2385281,0.7138403,0.1293059
0.2387395,0.7137409,0.1297061
0.238903,0.7138336,0.1300703
0.2391994,0.7137013,0.1304066
0.2396388,0.713877,0.1307303
0.2400195,0.7138483,0.1310095
0.2405339,0.7135147,0.1311669
0.2406836,0.7133256,0.1314089
0.2413266,0.7126768,0.1318919
0.2417034,0.7122517,0.1323939
0.2418732,0.7119601,0.1330355
0.2420727,0.7114936,0.1335033
0.2424863,0.7108524,0.1340217
0.2426666,0.7103718,0.1343865
0.243022,0.7097871,0.1346362
0.2432078,0.7092937,0.1350568
0.2435434,0.7086933,0.1355576
0.2439815,0.7079166,0.1357125
0.2442231,0.7074029,0.1359879
0.2444362,0.7067664,0.1362393
0.2446591,0.7062414,0.1361442
0.2448773,0.7059159,0.1359891
0.2450219,0.7057202,0.135737
0.2452015,0.705612,0.1353567
0.2452748,0.70571,0.1348845
0.2451104,0.7061556,0.1342622
0.2451653,0.7062833,0.1331267
0.2451348,0.7064272,0.132117
0.2451234,0.7066432,0.1312396
0.2450732,0.7066773,0.1301922
0.244823,0.7068585,0.1289627
0.2443585,0.7069433,0.1278578
0.2439286,0.7071143,0.1269424
0.2436668,0.7072974,0.1260225
0.2431965,0.7075155,0.1249334
0.2426657,0.7076854,0.1240658
0.2421921,0.7080567,0.1235666
0.2418542,0.7082887,0.1230587
0.241548,0.7084509,0.1224782
0.2413486,0.7084711,0.1218235
0.241243,0.7085796,0.1213369
0.2408677,0.708937,0.1209988
0.2406501,0.7092324,0.1207149
0.2405751,0.7093361,0.1201246
0.2406755,0.7094992,0.1196688
0.2407868,0.7096161,0.1194179
0.2410304,0.7097375,0.1191698
0.2411827,0.7099112,0.1189698
0.2413557,0.7100709,0.1189173
0.2416041,0.7101703,0.118964
0.2416598,0.7103184,0.1191012
0.2417809,0.7103338,0.1191453
0.2420028,0.7103727,0.1194183
0.2420901,0.7103453,0.1197767
0.2422082,0.7102125,0.1200126
0.2424279,0.7099469,0.1203445
0.2425235,0.7096513,0.1207108
0.2429,0.7091969,0.1211983
0.2432824,0.7088264,0.1217275
0.243456,0.7085012,0.1222733
0.2437491,0.7082251,0.1230678
0.2443983,0.7072666,0.1239844
0.2449612,0.7068782,0.1246505
0.245367,0.7063269,0.1255601
0.2460184,0.7055684,0.1270562
0.2468345,0.7045239,0.1292403
0.2477897,0.7031588,0.1310777
0.2487381,0.7019017,0.1328826
0.2496178,0.7005315,0.1345867
0.250596,0.6992729,0.1359436
0.2516631,0.6980365,0.1369516
0.2526853,0.6969369,0.1375741
0.2533946,0.6969243,0.137811
0.2542457,0.69796,0.1371644
0.2550893,0.6993001,0.1356569
0.2562518,0.7015427,0.1329943
0.2578264,0.7040772,0.129352
0.2592526,0.7061532,0.1256842
0.2599887,0.7083564,0.1219035
0.2602512,0.7096718,0.1192717
0.2601779,0.7099686,0.1174447
0.2598464,0.710064,0.1173191
0.2595114,0.7095779,0.118009
0.2588504,0.7088053,0.1193036
0.2578788,0.7076226,0.1216382
0.2574272,0.7058918,0.1242022
0.2575471,0.7039937,0.1271925
0.2577671,0.7025287,0.129996
0.2582948,0.701319,0.1326207
0.2588458,0.7004343,0.1350627
0.2593873,0.6997723,0.137104
0.2603086,0.6993118,0.1386729
0.2615326,0.6990896,0.13996
0.2625925,0.6988054,0.1405724
0.2636363,0.6988443,0.1410724
0.2646017,0.6987584,0.1423166
0.2652781,0.6988453,0.1434041
0.2657666,0.6991714,0.1445429
0.2661299,0.6996613,0.1450639
0.2659199,0.7001954,0.1452824
0.2650837,0.7006641,0.144969
0.2641484,0.7008975,0.1445505
0.2628707,0.7011539,0.1439488
0.2618709,0.7012306,0.1430561
0.2609842,0.7013201,0.1418869
0.2606027,0.7015746,0.1409143
0.2600282,0.7021,0.139928
0.2596439,0.7024042,0.1387425
0.2589604,0.7028056,0.1373347
0.2584506,0.7031515,0.1363426
0.25815,0.7034542,0.1356995
0.2577877,0.7038231,0.1354974
0.2571945,0.7043156,0.1354531
0.2565736,0.7045351,0.1353193
0.2555956,0.7047336,0.1354176
0.2545472,0.7048779,0.1357722
0.2534032,0.7048082,0.1362077
0.251936,0.7041813,0.1367415
0.2509654,0.7030957,0.1372012
0.2494431,0.7016047,0.1379261
0.2479012,0.70116,0.1384852
0.2465057,0.7006388,0.1388475
0.2451428,0.7007415,0.1389223
0.2442543,0.7010532,0.138936
0.2435869,0.7016528,0.1384546
0.2434048,0.7017589,0.137496
0.2431066,0.7026137,0.1366855
0.2428668,0.7034352,0.1358484
0.2427841,0.7042096,0.1345839
0.2424144,0.7049412,0.1335942
0.2421862,0.7054713,0.1323293
0.2419539,0.7059012,0.1318101
0.241561,0.7061275,0.1311583
0.2410044,0.706507,0.130531
0.2406372,0.7069998,0.1298023
0.240194,0.707418,0.1289068
0.2396388,0.7075645,0.1281414
0.2390022,0.707655,0.1278649
0.2386892,0.7078962,0.1281174
0.23855,0.7078689,0.1285486
0.2382292,0.7075492,0.1291439
0.2379522,0.7070184,0.1298417
0.2377122,0.7065042,0.1307571
0.2377478,0.7061957,0.1319212
0.2378347,0.7058936,0.1331505
0.2376011,0.70535,0.134144
0.2374069,0.7048426,0.1351855
0.2375813,0.7042215,0.1360746
0.2372672,0.703966,0.1367919
0.2367267,0.7040032,0.1368922
0.2363014,0.7044522,0.1372408
0.2362132,0.7047954,0.137315
0.2364594,0.7053261,0.1371163
0.2364742,0.7058683,0.1368256
0.2363478,0.7066235,0.1367438
0.236565,0.7066099,0.136594
0.2364959,0.7066384,0.1365045
0.2364568,0.706584,0.1364951
0.2360974,0.7068487,0.1363219
0.2357235,0.7068656,0.136034
0.2354146,0.7069853,0.135699
0.2351609,0.7070492,0.1352873
0.2350248,0.7071684,0.1348843
0.23488,0.7072964,0.1345897
0.2348145,0.7073608,0.1344293
0.2348194,0.7074834,0.1341346
0.2345726,0.7075577,0.1340446
0.2343005,0.7075189,0.134378
0.2340855,0.7073665,0.1345483
0.2338183,0.7072664,0.1347232
0.2336612,0.7072731,0.1350151
0.2333973,0.7072499,0.1352355
0.2333568,0.7072302,0.1353119
0.2333548,0.7072073,0.1354261
0.2333001,0.7073386,0.1354219
0.2333791,0.7073656,0.1354119
0.2334315,0.7073458,0.1353051
0.2334142,0.7074805,0.1351344
0.2334885,0.7077067,0.1348726
0.2335553,0.7079242,0.1346452
0.2337058,0.7081923,0.1344831
0.2338852,0.7084902,0.1343323
0.2340407,0.7088336,0.134165
0.2342256,0.7091005,0.1341265
0.2345027,0.709199,0.1340298
0.2347562,0.7093042,0.1340406
0.2349387,0.7094155,0.1343026
0.2350624,0.7092171,0.1346515
0.234993,0.7090715,0.1351148
0.2348834,0.7088111,0.1356292
0.2346548,0.708684,0.1359191
0.2341467,0.7089234,0.1361433
0.2334632,0.7093458,0.1362769
0.2326528,0.709714,0.1362962
0.2317853,0.7103496,0.1363765
0.2313681,0.7107531,0.1366232
0.2307358,0.711346,0.136507
0.2300196,0.7119785,0.135989
0.2295933,0.7124558,0.1356498
0.2292386,0.712817,0.1355744
0.2287682,0.7130274,0.1356459
0.2281831,0.7130309,0.1356367
0.227737,0.7130902,0.1356644
0.2274563,0.712951,0.1359019
0.2273875,0.7127256,0.1361492
0.2272462,0.7126349,0.1363507
0.2274635,0.7128635,0.1366822
0.2280898,0.7128037,0.1369278
0.228715,0.712858,0.1371889
0.2291803,0.712894,0.1372583
0.2298976,0.7132567,0.1374997
0.2305526,0.7132816,0.1377973
0.2308262,0.7132738,0.1378751
0.2311787,0.7133599,0.1381401
0.2315803,0.7135532,0.1384475
0.2319603,0.7136102,0.1387563
0.2321356,0.7136127,0.138936
0.2325146,0.7137609,0.1392577
0.2327199,0.7137643,0.1395122
0.2330539,0.7138538,0.139973
0.2333857,0.713719,0.1401636
0.2336202,0.7136248,0.1403906
0.2337912,0.713666,0.1406727
0.2340704,0.71361,0.1408681
0.2341774,0.7135919,0.1409916
0.2343176,0.7136095,0.1412754
0.2345697,0.7135246,0.1413826
0.2346676,0.7135418,0.1415572
0.2348651,0.7133668,0.1415
0.235058,0.71299,0.1412582
0.2349868,0.7131262,0.1413208
0.2350352,0.7131434,0.1412834
0.2349924,0.7131403,0.1411997
0.2350854,0.713108,0.1411103
0.2351141,0.7130124,0.1408982
0.2352209,0.7128473,0.1406528
0.2351779,0.7128106,0.140553
0.2350953,0.7127808,0.140338
0.2350982,0.7127133,0.1401575
0.2350654,0.7127336,0.1399913
0.2350235,0.7127586,0.1398124
0.2349455,0.7126506,0.1394846
0.2348737,0.7125855,0.1392927
0.2347831,0.7126601,0.1391533
0.2346081,0.7126423,0.1389716
0.2344283,0.7126489,0.138835
0.2341935,0.7125793,0.1385714
0.2340056,0.712506,0.1381757
0.2336622,0.7125369,0.1379309
0.233328,0.7126191,0.1375956
0.2330743,0.7128349,0.1372053
0.2331898,0.7129913,0.1368131
0.2332761,0.7131651,0.1363998
0.2333423,0.7135184,0.1361338
0.2334997,0.7139516,0.1359137
0.2334439,0.7144422,0.1356535
0.2336541,0.7146757,0.1354519
0.2338172,0.7150616,0.1352971
0.2337537,0.7153197,0.134933
0.2339911,0.7157126,0.1347759
0.2341776,0.7161499,0.1346779
0.2343386,0.7162986,0.1345926
0.2344242,0.7164124,0.1344828
0.2346086,0.7164102,0.1345388
0.2347097,0.7164806,0.1346628
0.2348234,0.7163609,0.1348359
0.234892,0.7163122,0.1350662
0.2349732,0.7161394,0.1352079
0.2350512,0.7158707,0.13541
0.2351122,0.7156144,0.1355688
0.235241,0.7152923,0.1357251
0.2354144,0.7149139,0.1359088
0.2356446,0.7144254,0.1362014
0.2358469,0.7139263,0.1365508
0.2360581,0.713284,0.1368324
0.2361152,0.7128267,0.1370671
0.2362629,0.7122391,0.1373384
0.236537,0.7113844,0.1376793
0.2366574,0.7104781,0.1380365
0.2368395,0.7097707,0.1383738
0.2370553,0.7090128,0.1388447
0.2371381,0.7081233,0.1392522
0.2372281,0.7072802,0.1397948
0.2373946,0.7066401,0.1400912
0.2375914,0.7059224,0.1401884
0.2376558,0.7054031,0.140458
0.2376272,0.7050484,0.1406276
0.2379666,0.7045692,0.1404298
0.2381786,0.7043907,0.1402956
0.2384659,0.7043701,0.140079
0.2387511,0.704595,0.1397944
0.2394518,0.7049544,0.1392861
0.2397963,0.7053524,0.1388377
0.2401346,0.7058428,0.1381211
0.2405891,0.706602,0.1374114
0.2410114,0.7074276,0.136903
0.2412297,0.7081807,0.1363873
0.2413267,0.7087737,0.1357226
0.2411163,0.7096849,0.1350827
0.2410689,0.7106619,0.1345378
0.2410284,0.7112296,0.1336644
0.2406708,0.7117379,0.1328215
0.2403557,0.7121733,0.1322347
0.239951,0.7123254,0.1316728
0.2394523,0.7121826,0.1314866
0.2389878,0.7117715,0.1312895
0.2385334,0.7113877,0.1313557
0.2380094,0.7105638,0.1312578
0.2372629,0.7100077,0.1315294
0.2367036,0.7095323,0.131979
0.2363105,0.7088183,0.1320951
0.235648,0.7080444,0.1321433
0.235297,0.7071727,0.1323209
0.2352525,0.7064548,0.1327001
0.2348996,0.7060569,0.1328552
0.2345996,0.7055309,0.1328023
0.2343935,0.7051595,0.1328856
0.2343202,0.705067,0.1328482
0.2342329,0.7049437,0.1326693
0.2342123,0.7048753,0.1323397
0.2342793,0.7048045,0.1318144
0.2343617,0.7048801,0.1312681
0.2345696,0.7050608,0.1308025
0.234932,0.7052522,0.1305206
0.2352361,0.7055879,0.1300051
0.2358618,0.7059775,0.1293424
0.2363801,0.7063195,0.1287391
0.2367661,0.7069502,0.1283212
0.2372886,0.707446,0.1278732
0.2378001,0.7081805,0.1273939
0.2383181,0.7087567,0.1272061
0.2387755,0.7093881,0.1270478
0.2394675,0.7096804,0.1266188
0.2401506,0.7102389,0.1262179
0.2408377,0.7110735,0.1263951
0.24123,0.7111314,0.1263719
0.2417243,0.7113393,0.1264569
0.2421007,0.7114351,0.1265793
0.2427117,0.7114184,0.1268589
0.2431445,0.7112096,0.1275432
0.2434544,0.7109883,0.1281492
0.2437339,0.710646,0.1288998
0.2437752,0.710162,0.1297316
0.2438948,0.7095757,0.1305486
0.244149,0.7090964,0.1314769
0.244228,0.7085937,0.1322223
0.2444588,0.7080411,0.132885
0.2445464,0.7075743,0.133816
0.2448132,0.7071837,0.1346604
0.2452553,0.7067528,0.1353224
0.2457118,0.706487,0.1361741
0.2462898,0.705994,0.1370747
0.2468877,0.705606,0.1379396
0.247316,0.7052169,0.1385103
0.2479376,0.7047845,0.1390035
0.2487166,0.7042574,0.1394854
0.2494238,0.7038706,0.1400183
0.2499963,0.7034453,0.1403336
0.2505628,0.7032128,0.1407318
0.2514162,0.7027753,0.1411908
0.2520977,0.7023271,0.1415696
0.2526187,0.7019005,0.1420478
0.2531842,0.7014281,0.1423947
0.2535547,0.7010453,0.1427461
0.254031,0.7006858,0.1431356
0.2544319,0.7003856,0.1434287
0.254675,0.6999541,0.143661
0.2548407,0.6996434,0.1438352
0.2550642,0.699463,0.1440585
0.2551254,0.6991672,0.1441543
0.2552227,0.6987892,0.1441775
0.255136,0.6983531,0.1439565
0.2550424,0.697955,0.1437014
0.2550299,0.6975084,0.1434632
0.2545459,0.6971605,0.1434291
0.2543945,0.6964853,0.1430327
0.2540418,0.6960683,0.1428059
0.2537776,0.6955215,0.1424381
0.2536874,0.6949933,0.141987
0.2535655,0.6944939,0.1415034
0.2532553,0.6941786,0.1411106
0.2528074,0.6939481,0.1406231
0.2523023,0.6939204,0.1401349
0.2518221,0.6939312,0.1393413
0.2512563,0.6938677,0.1382128
0.2507019,0.6940926,0.1371238
0.2500266,0.694449,0.1359743
0.2493415,0.694964,0.1345529
0.2487584,0.6955131,0.133296
0.24817,0.6960943,0.1321444
0.2473186,0.6968412,0.1307024
0.2467153,0.6974791,0.1292963
0.2463942,0.6978241,0.1280823
0.2461559,0.6981171,0.1271567
0.2455216,0.6984101,0.1251518
0.2450442,0.6985448,0.124006
0.2448124,0.6985554,0.1231449
0.2446781,0.6984587,0.1225109
0.2446807,0.6980808,0.1217618
0.2444866,0.6978307,0.1212108
0.2436491,0.6979738,0.1209161
0.2428483,0.6981385,0.1204834
0.2421563,0.6980187,0.119959
0.2416298,0.6978257,0.1196232
0.2409481,0.6975356,0.1194266
0.2402812,0.697311,0.1195149
0.239921,0.6969064,0.1194792
0.2398599,0.6965275,0.119311
0.2396806,0.6962621,0.1188351
0.2397061,0.696174,0.1184521
0.2397733,0.696218,0.1180261
0.2396171,0.696543,0.1173088
0.2393858,0.6967829,0.1164278
0.2389162,0.6970688,0.1148923
0.2386791,0.6974137,0.1135924
0.2381484,0.6978078,0.1120931
0.2375475,0.6982645,0.1111426
0.2375094,0.6981245,0.1099074
0.2379775,0.6976152,0.1087483
0.2383364,0.6972271,0.107869
0.2385475,0.6969932,0.1073106
0.2389849,0.696425,0.1068062
0.2398147,0.6955665,0.1061483
0.240757,0.6942742,0.1057489
0.2411199,0.6931317,0.1057602
0.2411543,0.6923172,0.1053765
0.2409523,0.691541,0.1045191
0.2405502,0.6909106,0.1034779
0.2403072,0.6905165,0.1020783
0.240079,0.6902567,0.1004097
0.2398578,0.6902798,0.09831755
0.2397023,0.6905168,0.09557252
0.2395293,0.6906164,0.09227742
0.2389397,0.6906915,0.09001283
0.2378729,0.6907824,0.08792271
0.2367965,0.6901376,0.08527569
0.2359418,0.6890255,0.08271168
0.2353294,0.6867216,0.08064215
0.2348147,0.6844638,0.07901232
0.2340919,0.682535,0.07727565
0.233319,0.6814701,0.07557
0.232231,0.6806541,0.07287408
0.2313747,0.6801277,0.06948783
0.2305576,0.6797267,0.06379627
0.2299349,0.6794999,0.05795719
0.2300023,0.6794153,0.05211242
0.2312521,0.6792825,0.04613091
0.2326728,0.6788236,0.04142486
0.2335541,0.6781967,0.03827989
0.2338018,0.6776286,0.03646316
0.2335278,0.6774017,0.03426148
0.2331425,0.6773234,0.03222439
0.232757,0.67726,0.03022911
0.2323157,0.6771868,0.02854842
0.2313963,0.6770543,0.02600108
0.2301387,0.6764832,0.02312081
0.2260041,0.6732002,0.01815577
0.2209519,0.6683939,0.01237111
0.2157424,0.6637581,0.00696741
0.2105121,0.6587519,0.003288403
0.2082684,0.6563255,0.0001601875
0.2069617,0.6552165,-0.004479572
0.2059512,0.6560057,-0.008296564
0.2047451,0.6565786,-0.01287062
0.2026845,0.6560836,-0.01588447
0.1987734,0.6552737,-0.01814175
0.1947562,0.6552146,-0.0195625
0.1908232,0.6553004,-0.0205919
0.1876185,0.6550394,-0.0216143
0.1846917,0.6539993,-0.02251516
0.1834804,0.6535857,-0.02299754
0.1828113,0.6528416,-0.02348427
0.1830433,0.6524267,-0.02383403
0.1831672,0.6525139,-0.02417341
0.1833251,0.6527165,-0.02454208
0.1834937,0.6530586,-0.02504526
0.1838465,0.6532794,-0.02541704
0.1843775,0.6534787,-0.02567755
0.1849896,0.6536036,-0.02609816
0.1854775,0.6536146,-0.02640373
0.1860764,0.65369,-0.02663477
0.1866776,0.6538399,-0.02687484
0.1874467,0.6542509,-0.02703211
0.1882495,0.6546329,-0.02736475
0.1889104,0.6549812,-0.02765945
0.1895165,0.6554983,-0.02795993
0.1899496,0.6561835,-0.02818225
0.1905467,0.6567872,-0.02821098
0.1910404,0.6572731,-0.0283
0.1918438,0.6578076,-0.02811749
0.1924733,0.6583491,-0.02781838
0.1933658,0.6591573,-0.02751984
0.1940424,0.66001,-0.02736907
0.1945086,0.6608391,-0.02709377
0.1945979,0.6613899,-0.02684975
